 a=[
           0 -0.80000000000000004      -0.63999999999886126      -0.39999999974302419        6.3206905307573377E-010
           1 -0.80099750623441401      -0.64079800498637729      -0.39999999974355571        6.2710305524793508E-010
           2 -0.80199501246882798      -0.64159600997389554      -0.39999999974408029        6.2200083186239249E-010
           3 -0.80299251870324195      -0.64239401496141635      -0.39999999974459871        6.1680607941084348E-010
           4 -0.80399002493765592      -0.64319201994893471      -0.39999999974511846        6.1167660042951710E-010
           5 -0.80498753117206989      -0.64399002493645263      -0.39999999974562922        6.0635602084063017E-010
           6 -0.80598503740648386      -0.64478802992397322      -0.39999999974613870        6.0096483822311142E-010
           7 -0.80698254364089783      -0.64558603491148669      -0.39999999974664130        5.9554338804196361E-010
           8 -0.80798004987531180      -0.64638403989900683      -0.39999999974713840        5.9007274305460100E-010
           9 -0.80897755610972577      -0.64718204488652786      -0.39999999974763845        5.8446177086425577E-010
          10 -0.80997506234413974      -0.64798004987403901      -0.39999999974813016        5.7886804800521413E-010
          11 -0.81097256857855371      -0.64877805486156237      -0.39999999974861111        5.7312033667055590E-010
          12 -0.81197007481296757      -0.64957605984907185      -0.39999999974909145        5.6731321842942023E-010
          13 -0.81296758104738154      -0.65037406483659033      -0.39999999974958167        5.6138860140414470E-010
          14 -0.81396508728179551      -0.65117206982410458      -0.39999999975005318        5.5536943219160889E-010
          15 -0.81496259351620948      -0.65197007481162250      -0.39999999975051487        5.4930672586505497E-010
          16 -0.81596009975062345      -0.65276807979914209      -0.39999999975098322        5.4305857987574369E-010
          17 -0.81695760598503742      -0.65356608478665534      -0.39999999975144085        5.3672110722838284E-010
          18 -0.81795511221945139      -0.65436408977417115      -0.39999999975189543        5.3038132241146896E-010
          19 -0.81895261845386536      -0.65516209476168985      -0.39999999975234524        5.2379131988775779E-010
          20 -0.81995012468827932      -0.65596009974920300      -0.39999999975279005        5.1714049795897887E-010
          21 -0.82094763092269329      -0.65675810473671503      -0.39999999975322525        5.1039866408829349E-010
          22 -0.82194513715710726      -0.65755610972423884      -0.39999999975365891        5.0351485112419547E-010
          23 -0.82294264339152123      -0.65835411471175387      -0.39999999975408512        4.9651974838495899E-010
          24 -0.82394014962593520      -0.65915211969926335      -0.39999999975451356        4.8925259427557571E-010
          25 -0.82493765586034917      -0.65995012468677405      -0.39999999975492512        4.8204249836550361E-010
          26 -0.82593516209476314      -0.66074812967429630      -0.39999999975533673        4.7453661822498966E-010
          27 -0.82693266832917711      -0.66154613466179868      -0.39999999975574713        4.6698859547129185E-010
          28 -0.82793017456359108      -0.66234413964931960      -0.39999999975614842        4.5928542848246157E-010
          29 -0.82892768079800505      -0.66314214463682430      -0.39999999975653877        4.5128541832292757E-010
          30 -0.82992518703241902      -0.66394014962433501      -0.39999999975692568        4.4320740740649844E-010
          31 -0.83092269326683299      -0.66473815461184449      -0.39999999975731249        4.3487082814971934E-010
          32 -0.83192019950124696      -0.66553615959935730      -0.39999999975768519        4.2649919446829943E-010
          33 -0.83291770573566093      -0.66633416458687045      -0.39999999975805811        4.1777234015966114E-010
          34 -0.83391521197007490      -0.66713216957438004      -0.39999999975841644        4.0902091349298564E-010
          35 -0.83491271820448887      -0.66793017456189674      -0.39999999975877032        3.9988693476336601E-010
          36 -0.83591022443890273      -0.66872817954940011      -0.39999999975912182        3.9062935460083825E-010
          37 -0.83690773067331670      -0.66952618453690760      -0.39999999975945977        3.8113875684003817E-010
          38 -0.83790523690773067      -0.67032418952441686      -0.39999999975979350        3.7133920331028358E-010
          39 -0.83890274314214464      -0.67112219451192390      -0.39999999976012368        3.6128971103895069E-010
          40 -0.83990024937655861      -0.67192019949943049      -0.39999999976043715        3.5116650039246355E-010
          41 -0.84089775561097257      -0.67271820448694164      -0.39999999976075240        3.4051293252082560E-010
          42 -0.84189526184538654      -0.67351620947445145      -0.39999999976105272        3.2971834854414461E-010
          43 -0.84289276807980051      -0.67431421446195594      -0.39999999976134121        3.1867544280500537E-010
          44 -0.84389027431421448      -0.67511221944946398      -0.39999999976163647        3.0723900225175516E-010
          45 -0.84488778054862845      -0.67591022443697046      -0.39999999976190609        2.9560364334275946E-010
          46 -0.84588528678304242      -0.67670822942447295      -0.39999999976217310        2.8358955982132894E-010
          47 -0.84688279301745639      -0.67750623441197266      -0.39999999976243411        2.7125222597582099E-010
          48 -0.84788029925187036      -0.67830423939948703      -0.39999999976268574        2.5836021863567815E-010
          49 -0.84887780548628433      -0.67910224438698308      -0.39999999976292605        2.4537535198154714E-010
          50 -0.84987531172069830      -0.67990024937448823      -0.39999999976315487        2.3179299321954283E-010
          51 -0.85087281795511227      -0.68069825436199549      -0.39999999976338046        2.1773752072185015E-010
          52 -0.85187032418952624      -0.68149625934949654      -0.39999999976358025        2.0337739565362556E-010
          53 -0.85286783042394021      -0.68229426433699680      -0.39999999976378403        1.8859831188086651E-010
          54 -0.85386533665835418      -0.68309226932449751      -0.39999999976397221        1.7321055700847410E-010
          55 -0.85486284289276815      -0.68389027431199656      -0.39999999976414263        1.5767080870088268E-010
          56 -0.85586034912718212      -0.68468827929948739      -0.39999999976430850        1.4121603712780040E-010
          57 -0.85685785536159609      -0.68548628428698910      -0.39999999976445660        1.2432584649280098E-010
          58 -0.85785536159601006      -0.68628428927448826      -0.39999999976459738        1.0709916590731505E-010
          59 -0.85885286783042392      -0.68708229426198386      -0.39999999976471395        8.8978178557769239E-011
          60 -0.85985037406483789      -0.68788029924948146      -0.39999999976483169        7.0150754996611830E-011
          61 -0.86084788029925186      -0.68867830423697274      -0.39999999976492245        5.1075941219502763E-011
          62 -0.86184538653366582      -0.68947630922446945      -0.39999999976500711        3.1080205249722770E-011
          63 -0.86284289276807979      -0.69027431421196206      -0.39999999976507289        1.0471129172073823E-011
          64 -0.86384039900249376      -0.69107231919945777      -0.39999999976512435       -1.1120688571397697E-011
          65 -0.86483790523690773      -0.69187032418695493      -0.39999999976515932       -3.3200848320591447E-011
          66 -0.86583541147132170      -0.69266832917443855      -0.39999999976517359       -5.6514490136272411E-011
          67 -0.86683291770573567      -0.69346633416192915      -0.39999999976517425       -8.0294638993283485E-011
