 a=[
           0 -0.80000000000000004      -0.63999999999998125      -0.39999999724371910       -9.6373820970563076E-008
           1 -0.80099750623441401      -0.64079800498751205      -0.39999999717332746       -9.9333086565038766E-008
           2 -0.80199501246882798      -0.64159600997504207      -0.39999999710077344       -1.0239867522455553E-007
           3 -0.80299251870324195      -0.64239401496257487      -0.39999999702597527       -1.0557498767942401E-007
           4 -0.80399002493765592      -0.64319201995010378      -0.39999999694885752       -1.0886659399936747E-007
           5 -0.80498753117206989      -0.64399002493763546      -0.39999999686933324       -1.1227829766099185E-007
           6 -0.80598503740648386      -0.64478802992516560      -0.39999999678731324       -1.1581513154862485E-007
           7 -0.80698254364089783      -0.64558603491269484      -0.39999999670270936       -1.1948235270005057E-007
           8 -0.80798004987531180      -0.64638403990022508      -0.39999999661542207       -1.2328547486136417E-007
           9 -0.80897755610972577      -0.64718204488775488      -0.39999999652535467       -1.2723029625857028E-007
          10 -0.80997506234413974      -0.64798004987528479      -0.39999999643240036       -1.3132285778516087E-007
          11 -0.81097256857855371      -0.64877805486281626      -0.39999999633645372       -1.3556950199726322E-007
          12 -0.81197007481296757      -0.64957605985034583      -0.39999999623740262       -1.3997689919777747E-007
          13 -0.81296758104738154      -0.65037406483787585      -0.39999999613512627       -1.4455202539529841E-007
          14 -0.81396508728179551      -0.65117206982540621      -0.39999999602950309       -1.4930220368307650E-007
          15 -0.81496259351620948      -0.65197007481293812      -0.39999999592040641       -1.5423512699710157E-007
          16 -0.81596009975062345      -0.65276807980046569      -0.39999999580769979       -1.5935884845378749E-007
          17 -0.81695760598503742      -0.65356608478799771      -0.39999999569124611       -1.6468185135972331E-007
          18 -0.81795511221945139      -0.65436408977552762      -0.39999999557089655       -1.7021304406011339E-007
          19 -0.81895261845386536      -0.65516209476305731      -0.39999999544649872       -1.7596174262159602E-007
          20 -0.81995012468827932      -0.65596009975058900      -0.39999999531789554       -1.8193777487503382E-007
          21 -0.82094763092269329      -0.65675810473811735      -0.39999999518491919       -1.8815147124905600E-007
          22 -0.82194513715710726      -0.65755610972564882      -0.39999999504739470       -1.9461367101659033E-007
          23 -0.82294264339152123      -0.65835411471317673      -0.39999999490514099       -2.0133578754675846E-007
          24 -0.82394014962593520      -0.65915211970070575      -0.39999999475796694       -2.0832980764032800E-007
          25 -0.82493765586034917      -0.65995012468823666      -0.39999999460567337       -2.1560836641741827E-007
          26 -0.82593516209476314      -0.66074812967576646      -0.39999999444805007       -2.2318475427855309E-007
          27 -0.82693266832917711      -0.66154613466329637      -0.39999999428488237       -2.3107295211881236E-007
          28 -0.82793017456359108      -0.66234413965082595      -0.39999999411593928       -2.3928772324696666E-007
          29 -0.82892768079800505      -0.66314214463835586      -0.39999999394097818       -2.4784455655901494E-007
          30 -0.82992518703241902      -0.66394014962588366      -0.39999999375975365       -2.5675983838311192E-007
          31 -0.83092269326683299      -0.66473815461341568      -0.39999999357199956       -2.6605076750574924E-007
          32 -0.83192019950124696      -0.66553615960094181      -0.39999999337743825       -2.7573555879351623E-007
          33 -0.83291770573566093      -0.66633416458847317      -0.39999999317578550       -2.8583336515576157E-007
          34 -0.83391521197007490      -0.66713216957600219      -0.39999999296673688       -2.9636444223989874E-007
          35 -0.83491271820448887      -0.66793017456353010      -0.39999999274997072       -3.0735009165905756E-007
          36 -0.83591022443890273      -0.66872817955105823      -0.39999999252515733       -3.1881288782195487E-007
          37 -0.83690773067331670      -0.66952618453858825      -0.39999999229194488       -3.3077660712027447E-007
          38 -0.83790523690773067      -0.67032418952611394      -0.39999999204996833       -3.4326643215230394E-007
          39 -0.83890274314214464      -0.67112219451364397      -0.39999999179883416       -3.5630890240777159E-007
          40 -0.83990024937655861      -0.67192019950117288      -0.39999999153814242       -3.6993211093380111E-007
          41 -0.84089775561097257      -0.67271820448870145      -0.39999999126746588       -3.8416578186203599E-007
          42 -0.84189526184538654      -0.67351620947623136      -0.39999999098635475       -3.9904131602254247E-007
          43 -0.84289276807980051      -0.67431421446375805      -0.39999999069433839       -4.1459198296758987E-007
          44 -0.84389027431421448      -0.67511221945128408      -0.39999999039092105       -4.3085297773958181E-007
          45 -0.84488778054862845      -0.67591022443881454      -0.39999999007557707       -4.4786157747361751E-007
          46 -0.84588528678304242      -0.67670822942634135      -0.39999998974776235       -4.6565732412753652E-007
          47 -0.84688279301745639      -0.67750623441386704      -0.39999998940689263       -4.8428200973761813E-007
          48 -0.84788029925187036      -0.67830423940139328      -0.39999998905236356       -5.0378003026633324E-007
          49 -0.84887780548628433      -0.67910224438892164      -0.39999998868353021       -5.2419846076393194E-007
          50 -0.84987531172069830      -0.67990024937644689      -0.39999998829971889       -5.4558722862253296E-007
          51 -0.85087281795511227      -0.68069825436397380      -0.39999998790021146       -5.6799932121167891E-007
          52 -0.85187032418952624      -0.68149625935150060      -0.39999998748425653       -5.9149102315434212E-007
          53 -0.85286783042394021      -0.68229426433902651      -0.39999998705106143       -6.1612212757042028E-007
          54 -0.85386533665835418      -0.68309226932655531      -0.39999998659978397       -6.4195609917955727E-007
          55 -0.85486284289276815      -0.68389027431408023      -0.39999998612954596       -6.6906054269138058E-007
          56 -0.85586034912718212      -0.68468827930160292      -0.39999998563940531       -6.9750724128248284E-007
          57 -0.85685785536159609      -0.68548628428912950      -0.39999998512837442       -7.2737262583756897E-007
          58 -0.85785536159601006      -0.68628428927665064      -0.39999998459541442       -7.5873804945341218E-007
          59 -0.85885286783042392      -0.68708229426417788      -0.39999998403941511       -7.9169015049033608E-007
          60 -0.85985037406483789      -0.68788029925170036      -0.39999998345920823       -8.2632119952103417E-007
          61 -0.86084788029925186      -0.68867830423922616      -0.39999998285356186       -8.6272958189581163E-007
          62 -0.86184538653366582      -0.68947630922674796      -0.39999998222115929       -9.0102020034117242E-007
          63 -0.86284289276807979      -0.69027431421427021      -0.39999998156061845       -9.4130496196458512E-007
          64 -0.86384039900249376      -0.69107231920179302      -0.39999998087046940       -9.8370332867818392E-007
          65 -0.86483790523690773      -0.69187032418931493      -0.39999998014915084       -1.0283428403028305E-006
          66 -0.86583541147132170      -0.69266832917683796      -0.39999997939501492       -1.0753597720230013E-006
          67 -0.86683291770573567      -0.69346633416435799      -0.39999997860630498       -1.1248997995489985E-006
