 a=[
           0 -0.80000000000000004      -0.22456140618882381      -0.14035087755642939       -1.2268214260615067E-008
           1 -0.80099750623441401      -0.22484140793991370      -0.14035087754823519       -1.2721228674248634E-008
           2 -0.80199501246882798      -0.22512140969094005      -0.14035087753972561       -1.3191413999655809E-008
           3 -0.80299251870324195      -0.22540141144190010      -0.14035087753088765       -1.3679594822299437E-008
           4 -0.80399002493765592      -0.22568141319279161      -0.14035087752170530       -1.4186648252412920E-008
           5 -0.80498753117206989      -0.22596141494361208      -0.14035087751216690       -1.4713507813382889E-008
           6 -0.80598503740648386      -0.22624141669435854      -0.14035087750225445       -1.5261156557011199E-008
           7 -0.80698254364089783      -0.22652141844502882      -0.14035087749195357       -1.5830643353381517E-008
           8 -0.80798004987531180      -0.22680142019562025      -0.14035087748124619       -1.6423075770957869E-008
           9 -0.80897755610972577      -0.22708142194612899      -0.14035087747011415       -1.7039634782160806E-008
          10 -0.80997506234413974      -0.22736142369655224      -0.14035087745853861       -1.7681574102546178E-008
          11 -0.81097256857855371      -0.22764142544688748      -0.14035087744649954       -1.8350232670405822E-008
          12 -0.81197007481296757      -0.22792142719713093      -0.14035087743397376       -1.9047031982015461E-008
          13 -0.81296758104738154      -0.22820142894727866      -0.14035087742094043       -1.9773488657646304E-008
          14 -0.81396508728179551      -0.22848143069732707      -0.14035087740737309       -2.0531215954243918E-008
          15 -0.81496259351620948      -0.22876143244727259      -0.14035087739324836       -2.1321948338870467E-008
          16 -0.81596009975062345      -0.22904143419711107      -0.14035087737853752       -2.2147524866584362E-008
          17 -0.81695760598503742      -0.22932143594683754      -0.14035087736321283       -2.3009916717549143E-008
          18 -0.81795511221945139      -0.22960143769644792      -0.14035087734724214       -2.3911239715882285E-008
          19 -0.81895261845386536      -0.22988143944593786      -0.14035087733059154       -2.4853751555507092E-008
          20 -0.81995012468827932      -0.23016144119530116      -0.14035087731322732       -2.5839882938113838E-008
          21 -0.82094763092269329      -0.23044144294453350      -0.14035087729511173       -2.6872233307257895E-008
          22 -0.82194513715710726      -0.23072144469362868      -0.14035087727620596       -2.7953601467313287E-008
          23 -0.82294264339152123      -0.23100144644258067      -0.14035087725646422       -2.9086993512785278E-008
          24 -0.82394014962593520      -0.23128144819138388      -0.14035087723584322       -3.0275644479068817E-008
          25 -0.82493765586034917      -0.23156144994003089      -0.14035087721429212       -3.1523043538331241E-008
          26 -0.82593516209476314      -0.23184145168851533      -0.14035087719175834       -3.2832950115201792E-008
          27 -0.82693266832917711      -0.23212145343682999      -0.14035087716818667       -3.4209423604211059E-008
          28 -0.82793017456359108      -0.23240145518496577      -0.14035087714351469       -3.5656851721027269E-008
          29 -0.82892768079800505      -0.23268145693291511      -0.14035087711767913       -3.7179970729765699E-008
          30 -0.82992518703241902      -0.23296145868067003      -0.14035087709060534       -3.8783921852292985E-008
          31 -0.83092269326683299      -0.23324146042821980      -0.14035087706222171       -4.0474264211432659E-008
          32 -0.83192019950124696      -0.23352146217555478      -0.14035087703244489       -4.2257029211293512E-008
          33 -0.83291770573566093      -0.23380146392266482      -0.14035087700118509       -4.4138770089862528E-008
          34 -0.83391521197007490      -0.23408146566953827      -0.14035087696834880       -4.6126595039646529E-008
          35 -0.83491271820448887      -0.23436146741616332      -0.14035087693383125       -4.8228247591505444E-008
          36 -0.83591022443890273      -0.23464146916252723      -0.14035087689752165       -5.0452131557807492E-008
          37 -0.83690773067331670      -0.23492147090861570      -0.14035087685929853       -5.2807412418559574E-008
          38 -0.83790523690773067      -0.23520147265441507      -0.14035087681903119       -5.5304080112759252E-008
          39 -0.83890274314214464      -0.23548147439990869      -0.14035087677657523       -5.7953008641108139E-008
          40 -0.83990024937655861      -0.23576147614508108      -0.14035087673178048       -6.0766076400743663E-008
          41 -0.84089775561097257      -0.23604147788991309      -0.14035087668447552       -6.3756232499597582E-008
          42 -0.84189526184538654      -0.23632147963438649      -0.14035087663447987       -6.6937616642701731E-008
          43 -0.84289276807980051      -0.23660148137848031      -0.14035087658159554       -7.0325668477446562E-008
          44 -0.84389027431421448      -0.23688148312217172      -0.14035087652560851       -7.3937242589267732E-008
          45 -0.84488778054862845      -0.23716148486543859      -0.14035087646628502       -7.7790751643221079E-008
          46 -0.84588528678304242      -0.23744148660825334      -0.14035087640337146       -8.1906300578721281E-008
          47 -0.84688279301745639      -0.23772148835058976      -0.14035087633659368       -8.6305834267035725E-008
          48 -0.84788029925187036      -0.23800149009241814      -0.14035087626565354       -9.1013297263704135E-008
          49 -0.84887780548628433      -0.23828149183370562      -0.14035087619022543       -9.6054817013118549E-008
          50 -0.84987531172069830      -0.23856149357441811      -0.14035087610995811       -1.0145885198480087E-007
          51 -0.85087281795511227      -0.23884149531451815      -0.14035087602447346       -1.0725641338450720E-007
          52 -0.85187032418952624      -0.23912149705396540      -0.14035087593335896       -1.1348121231602448E-007
          53 -0.85286783042394021      -0.23940149879271636      -0.14035087583616887       -1.2016986822207393E-007
          54 -0.85386533665835418      -0.23968150053072360      -0.14035087573242358       -1.2736210346087073E-007
          55 -0.85486284289276815      -0.23996150226793650      -0.14035087562160872       -1.3510090481061443E-007
          56 -0.85586034912718212      -0.24024150400429881      -0.14035087550316772       -1.4343270245478767E-007
          57 -0.85685785536159609      -0.24052150573975173      -0.14035087537650628       -1.5240751526611473E-007
          58 -0.85785536159601006      -0.24080150747422974      -0.14035087524099302       -1.6207904879154966E-007
          59 -0.85885286783042392      -0.24108150920766261      -0.14035087509594960       -1.7250479714646383E-007
          60 -0.85985037406483789      -0.24136151093997479      -0.14035087494066201       -1.8374602781933563E-007
          61 -0.86084788029925186      -0.24164151267108400      -0.14035087477437652       -1.9586775223262576E-007
          62 -0.86184538653366582      -0.24192151440090143      -0.14035087459630127       -2.0893854814612450E-007
          63 -0.86284289276807979      -0.24220151612933022      -0.14035087440561192       -2.2303029419395298E-007
          64 -0.86384039900249376      -0.24248151785626765      -0.14035087420145961       -2.3821774679938512E-007
          65 -0.86483790523690773      -0.24276151958160164      -0.14035087398297350       -2.5457791833286003E-007
          66 -0.86583541147132170      -0.24304152130521017      -0.14035087374927163       -2.7218924587846249E-007
          67 -0.86683291770573567      -0.24332152302696497      -0.14035087349947920       -2.9113045495882117E-007
