 a=[
           0 -0.80000000000000004      -0.22456140624424234     
           1 -0.80099750623441401      -0.22484140799659333     
           2 -0.80199501246882798      -0.22512140974891875     
           3 -0.80299251870324195      -0.22540141150121765     
           4 -0.80399002493765592      -0.22568141325348887     
           5 -0.80498753117206989      -0.22596141500573191     
           6 -0.80598503740648386      -0.22624141675794515     
           7 -0.80698254364089783      -0.22652141851012830     
           8 -0.80798004987531180      -0.22680142026228092     
           9 -0.80897755610972577      -0.22708142201440062     
          10 -0.80997506234413974      -0.22736142376648680     
          11 -0.81097256857855371      -0.22764142551853903     
          12 -0.81197007481296757      -0.22792142727055595     
          13 -0.81296758104738154      -0.22820142902253593     
          14 -0.81396508728179551      -0.22848143077447761     
          15 -0.81496259351620948      -0.22876143252638054     
          16 -0.81596009975062345      -0.22904143427824283     
          17 -0.81695760598503742      -0.22932143603006305     
          18 -0.81795511221945139      -0.22960143778183970     
          19 -0.81895261845386536      -0.22988143953357149     
          20 -0.81995012468827932      -0.23016144128525626     
          21 -0.82094763092269329      -0.23044144303689282     
          22 -0.82194513715710726      -0.23072144478847934     
          23 -0.82294264339152123      -0.23100144654001317     
          24 -0.82394014962593520      -0.23128144829149364     
          25 -0.82493765586034917      -0.23156145004291748     
          26 -0.82593516209476314      -0.23184145179428317     
          27 -0.82693266832917711      -0.23212145354558894     
          28 -0.82793017456359108      -0.23240145529683076     
          29 -0.82892768079800505      -0.23268145704800727     
          30 -0.82992518703241902      -0.23296145879911623     
          31 -0.83092269326683299      -0.23324146055015357     
          32 -0.83192019950124696      -0.23352146230111687     
          33 -0.83291770573566093      -0.23380146405200322     
          34 -0.83391521197007490      -0.23408146580280900     
          35 -0.83491271820448887      -0.23436146755353068     
          36 -0.83591022443890273      -0.23464146930416493     
          37 -0.83690773067331670      -0.23492147105470712     
          38 -0.83790523690773067      -0.23520147280515391     
          39 -0.83890274314214464      -0.23548147455549967     
          40 -0.83990024937655861      -0.23576147630574135     
          41 -0.84089775561097257      -0.23604147805587211     
          42 -0.84189526184538654      -0.23632147980588802     
          43 -0.84289276807980051      -0.23660148155578267     
          44 -0.84389027431421448      -0.23688148330554959     
          45 -0.84488778054862845      -0.23716148505518372     
          46 -0.84588528678304242      -0.23744148680467608     
          47 -0.84688279301745639      -0.23772148855402075     
          48 -0.84788029925187036      -0.23800149030320983     
          49 -0.84887780548628433      -0.23828149205223381     
          50 -0.84987531172069830      -0.23856149380108402     
          51 -0.85087281795511227      -0.23884149554975065     
          52 -0.85187032418952624      -0.23912149729822321     
          53 -0.85286783042394021      -0.23940149904649038     
          54 -0.85386533665835418      -0.23968150079453976     
          55 -0.85486284289276815      -0.23996150254235885     
          56 -0.85586034912718212      -0.24024150428993232     
          57 -0.85685785536159609      -0.24052150603724640     
          58 -0.85785536159601006      -0.24080150778428336     
          59 -0.85885286783042392      -0.24108150953102619     
          60 -0.85985037406483789      -0.24136151127745600     
          61 -0.86084788029925186      -0.24164151302355166     
          62 -0.86184538653366582      -0.24192151476929183     
          63 -0.86284289276807979      -0.24220151651465108     
          64 -0.86384039900249376      -0.24248151825960534     
          65 -0.86483790523690773      -0.24276152000412637     
          66 -0.86583541147132170      -0.24304152174818339     
          67 -0.86683291770573567      -0.24332152349174524     
          68 -0.86783042394014964      -0.24360152523477635     
          69 -0.86882793017456361      -0.24388152697724116     
          70 -0.86982543640897758      -0.24416152871909963     
          71 -0.87082294264339155      -0.24444153046030867     
          72 -0.87182044887780552      -0.24472153220082377     
          73 -0.87281795511221949      -0.24500153394059651     
          74 -0.87381546134663346      -0.24528153567957570     
          75 -0.87481296758104743      -0.24556153741770884     
          76 -0.87581047381546140      -0.24584153915493887     
          77 -0.87680798004987537      -0.24612154089120422     
          78 -0.87780548628428934      -0.24640154262644681     
          79 -0.87880299251870331      -0.24668154436060050     
          80 -0.87980049875311717      -0.24696154609360055     
          81 -0.88079800498753125      -0.24724154782538099     
          82 -0.88179551122194511      -0.24752154955587477     
          83 -0.88279301745635907      -0.24780155128501613     
          84 -0.88379052369077304      -0.24808155301274179     
          85 -0.88478802992518701      -0.24836155473899013     
          86 -0.88578553615960098      -0.24864155646370695     
          87 -0.88678304239401495      -0.24892155818684480     
          88 -0.88778054862842892      -0.24920155990836601     
          89 -0.88877805486284289      -0.24948156162824742     
          90 -0.88977556109725686      -0.24976156334647878     
          91 -0.89077306733167083      -0.25004156506307623     
          92 -0.89177057356608480      -0.25032156677807677     
          93 -0.89276807980049877      -0.25060156849155135     
          94 -0.89376558603491274      -0.25088157020360491     
          95 -0.89476309226932671      -0.25116157191438998     
          96 -0.89576059850374068      -0.25144157362410530     
          97 -0.89675810473815465      -0.25172157533301243     
          98 -0.89775561097256862      -0.25200157704143911     
          99 -0.89875311720698259      -0.25228157874979196     
         100 -0.89975062344139656      -0.25256158045856308     
         101 -0.90074812967581053      -0.25284158216834313     
         102 -0.90174563591022450      -0.25312158387982892     
         103 -0.90274314214463847      -0.25340158559383619     
         104 -0.90374064837905244      -0.25368158731130752     
         105 -0.90473815461346629      -0.25396158903331839     
         106 -0.90573566084788038      -0.25424159076108960     
         107 -0.90673316708229423      -0.25452159249598671     
         108 -0.90773067331670820      -0.25480159423952170     
         109 -0.90872817955112217      -0.25508159599335190     
         110 -0.90972568578553614      -0.25536159775926998     
         111 -0.91072319201995011      -0.25564159953918980     
         112 -0.91172069825436408      -0.25592160133512315     
         113 -0.91271820448877805      -0.25620160314915091     
         114 -0.91371571072319202      -0.25648160498337702     
         115 -0.91471321695760599      -0.25676160683987714     
         116 -0.91571072319201996      -0.25704160872063136     
         117 -0.91670822942643393      -0.25732161062744202     
         118 -0.91770573566084790      -0.25760161256184111     
         119 -0.91870324189526187      -0.25788161452497688     
         120 -0.91970074812967584      -0.25816161651749414     
         121 -0.92069825436408981      -0.25844161853939746     
         122 -0.92169576059850378      -0.25872162058990916     
