 a=[
           0 -0.80000000000000004      -0.63999999999998769      -0.39999999998421759        4.5430670412015565E-011
           1 -0.80099750623441401      -0.64079800498751427      -0.39999999998426056        4.5106466610054467E-011
           2 -0.80199501246882798      -0.64159600997504329      -0.39999999998429897        4.4901553009318428E-011
           3 -0.80299251870324195      -0.64239401496258253      -0.39999999998432761        4.4788166665005180E-011
           4 -0.80399002493765592      -0.64319201995010422      -0.39999999998436658        4.4557849011357285E-011
           5 -0.80498753117206989      -0.64399002493764412      -0.39999999998441083        4.4392894288163790E-011
           6 -0.80598503740648386      -0.64478802992517137      -0.39999999998443836        4.4246283750732718E-011
           7 -0.80698254364089783      -0.64558603491269750      -0.39999999998448299        4.4052368747455901E-011
           8 -0.80798004987531180      -0.64638403990022986      -0.39999999998451635        4.3778499082174419E-011
           9 -0.80897755610972577      -0.64718204488776110      -0.39999999998455060        4.3751680745126795E-011
          10 -0.80997506234413974      -0.64798004987529945      -0.39999999998458374        4.3410197881005655E-011
          11 -0.81097256857855371      -0.64877805486282769      -0.39999999998463037        4.3243370181618532E-011
          12 -0.81197007481296757      -0.64957605985035693      -0.39999999998466446        4.3066359099773813E-011
          13 -0.81296758104738154      -0.65037406483788596      -0.39999999998469449        4.2914469287197443E-011
          14 -0.81396508728179551      -0.65117206982542042      -0.39999999998473035        4.2589869585424930E-011
          15 -0.81496259351620948      -0.65197007481294822      -0.39999999998477176        4.2416811274308130E-011
          16 -0.81596009975062345      -0.65276807980048368      -0.39999999998480101        4.2343082666995886E-011
          17 -0.81695760598503742      -0.65356608478800760      -0.39999999998484320        4.2078068521113777E-011
          18 -0.81795511221945139      -0.65436408977553850      -0.39999999998487190        4.1870463659535086E-011
          19 -0.81895261845386536      -0.65516209476306875      -0.39999999998491109        4.1655707908646450E-011
          20 -0.81995012468827932      -0.65596009975060710      -0.39999999998493846        4.1518436177121268E-011
          21 -0.82094763092269329      -0.65675810473813023      -0.39999999998497621        4.1170768183551587E-011
          22 -0.82194513715710726      -0.65755610972566814      -0.39999999998501340        4.1099264535280136E-011
          23 -0.82294264339152123      -0.65835411471319616      -0.39999999998504504        4.0760498580159291E-011
          24 -0.82394014962593520      -0.65915211970073517      -0.39999999998507685        4.0599305703079274E-011
          25 -0.82493765586034917      -0.65995012468825465      -0.39999999998510777        4.0376686315148763E-011
          26 -0.82593516209476314      -0.66074812967578889      -0.39999999998514035        4.0319387639795728E-011
          27 -0.82693266832917711      -0.66154613466331513      -0.39999999998517977        3.9958704022762057E-011
          28 -0.82793017456359108      -0.66234413965085515      -0.39999999998521035        3.9863877281630378E-011
          29 -0.82892768079800505      -0.66314214463837984      -0.39999999998524366        3.9503759191226138E-011
          30 -0.82992518703241902      -0.66394014962591041      -0.39999999998527380        3.9381458814477521E-011
          31 -0.83092269326683299      -0.66473815461344565      -0.39999999998531155        3.9166916021224352E-011
          32 -0.83192019950124696      -0.66553615960097778      -0.39999999998533758        3.8820025834293212E-011
          33 -0.83291770573566093      -0.66633416458850769      -0.39999999998536845        3.8682458982936679E-011
          34 -0.83391521197007490      -0.66713216957603483      -0.39999999998540481        3.8339024419379794E-011
          35 -0.83491271820448887      -0.66793017456357040      -0.39999999998543978        3.8184406727032397E-011
          36 -0.83591022443890273      -0.66872817955110175      -0.39999999998547259        3.7957817146600306E-011
          37 -0.83690773067331670      -0.66952618453862578      -0.39999999998550295        3.7665180260197488E-011
          38 -0.83790523690773067      -0.67032418952616002      -0.39999999998553420        3.7424561605096940E-011
          39 -0.83890274314214464      -0.67112219451368771      -0.39999999998556462        3.7315253629557031E-011
          40 -0.83990024937655861      -0.67192019950122106      -0.39999999998559160        3.7129784015714658E-011
          41 -0.84089775561097257      -0.67271820448874864      -0.39999999998562391        3.6725555119265264E-011
          42 -0.84189526184538654      -0.67351620947628588      -0.39999999998565716        3.6429095241134572E-011
          43 -0.84289276807980051      -0.67431421446380690      -0.39999999998568531        3.6155402565081485E-011
          44 -0.84389027431421448      -0.67511221945134336      -0.39999999998571656        3.5957230641874179E-011
          45 -0.84488778054862845      -0.67591022443887583      -0.39999999998574981        3.5745637203790821E-011
          46 -0.84588528678304242      -0.67670822942640407      -0.39999999998577562        3.5481995041219093E-011
          47 -0.84688279301745639      -0.67750623441393676      -0.39999999998581642        3.5238056830116937E-011
          48 -0.84788029925187036      -0.67830423940146090      -0.39999999998583446        3.5051479351389664E-011
          49 -0.84887780548628433      -0.67910224438900346      -0.39999999998586716        3.4587836202993119E-011
          50 -0.84987531172069830      -0.67990024937653115      -0.39999999998589070        3.4330735709754354E-011
          51 -0.85087281795511227      -0.68069825436406739      -0.39999999998591973        3.4302261172573095E-011
          52 -0.85187032418952624      -0.68149625935158897      -0.39999999998595137        3.3850991129104335E-011
          53 -0.85286783042394021      -0.68229426433912332      -0.39999999998598335        3.3494694648070200E-011
          54 -0.85386533665835418      -0.68309226932665790      -0.39999999998600094        3.3073932562957195E-011
          55 -0.85486284289276815      -0.68389027431418725      -0.39999999998603081        3.3002743468841036E-011
          56 -0.85586034912718212      -0.68468827930171161      -0.39999999998605734        3.2631379233904675E-011
          57 -0.85685785536159609      -0.68548628428924485      -0.39999999998608571        3.2497121990994818E-011
          58 -0.85785536159601006      -0.68628428927677210      -0.39999999998611446        3.2066327756074750E-011
          59 -0.85885286783042392      -0.68708229426430567      -0.39999999998614039        3.1647029425209763E-011
          60 -0.85985037406483789      -0.68788029925183902      -0.39999999998616770        3.1122397031475152E-011
          61 -0.86084788029925186      -0.68867830423936705      -0.39999999998619584        3.0854257733817225E-011
          62 -0.86184538653366582      -0.68947630922689673      -0.39999999998622143        3.0414761231474866E-011
          63 -0.86284289276807979      -0.69027431421442653      -0.39999999998624552        3.0309686726605334E-011
          64 -0.86384039900249376      -0.69107231920196011      -0.39999999998627511        2.9625556998910674E-011
          65 -0.86483790523690773      -0.69187032418948458      -0.39999999998629387        2.9385861148936709E-011
          66 -0.86583541147132170      -0.69266832917701227      -0.39999999998632474        2.9016669113052923E-011
          67 -0.86683291770573567      -0.69346633416454939      -0.39999999998634617        2.8566116540371805E-011
