 a=[
           0 -0.80000000000000004      -0.64000000000000246     
           1 -0.80099750623441401      -0.64079800498752626     
           2 -0.80199501246882798      -0.64159600997506150     
           3 -0.80299251870324195      -0.64239401496259529     
           4 -0.80399002493765592      -0.64319201995013320     
           5 -0.80498753117206989      -0.64399002493765989     
           6 -0.80598503740648386      -0.64478802992518158     
           7 -0.80698254364089783      -0.64558603491271693     
           8 -0.80798004987531180      -0.64638403990025639     
           9 -0.80897755610972577      -0.64718204488778108     
          10 -0.80997506234413974      -0.64798004987530544     
          11 -0.81097256857855371      -0.64877805486284124     
          12 -0.81197007481296757      -0.64957605985037681     
          13 -0.81296758104738154      -0.65037406483790516     
          14 -0.81396508728179551      -0.65117206982543674     
          15 -0.81496259351620948      -0.65197007481296121     
          16 -0.81596009975062345      -0.65276807980050000     
          17 -0.81695760598503742      -0.65356608478803235     
          18 -0.81795511221945139      -0.65436408977556026     
          19 -0.81895261845386536      -0.65516209476308918     
          20 -0.81995012468827932      -0.65596009975061842     
          21 -0.82094763092269329      -0.65675810473816187     
          22 -0.82194513715710726      -0.65755610972569789     
          23 -0.82294264339152123      -0.65835411471322258     
          24 -0.82394014962593520      -0.65915211970075172     
          25 -0.82493765586034917      -0.65995012468828707     
          26 -0.82593516209476314      -0.66074812967581764     
          27 -0.82693266832917711      -0.66154613466334056     
          28 -0.82793017456359108      -0.66234413965087335     
          29 -0.82892768079800505      -0.66314214463840337     
          30 -0.82992518703241902      -0.66394014962594150     
          31 -0.83092269326683299      -0.66473815461346719     
          32 -0.83192019950124696      -0.66553615960100077     
          33 -0.83291770573566093      -0.66633416458853134     
          34 -0.83391521197007490      -0.66713216957605692     
          35 -0.83491271820448887      -0.66793017456359227     
          36 -0.83591022443890273      -0.66872817955112207     
          37 -0.83690773067331670      -0.66952618453864943     
          38 -0.83790523690773067      -0.67032418952618866     
          39 -0.83890274314214464      -0.67112219451371458     
          40 -0.83990024937655861      -0.67192019950125570     
          41 -0.84089775561097257      -0.67271820448878372     
          42 -0.84189526184538654      -0.67351620947630564     
          43 -0.84289276807980051      -0.67431421446384365     
          44 -0.84389027431421448      -0.67511221945137145     
          45 -0.84488778054862845      -0.67591022443889870     
          46 -0.84588528678304242      -0.67670822942643316     
          47 -0.84688279301745639      -0.67750623441396407     
          48 -0.84788029925187036      -0.67830423940150364     
          49 -0.84887780548628433      -0.67910224438902389     
          50 -0.84987531172069830      -0.67990024937656646     
          51 -0.85087281795511227      -0.68069825436409104     
          52 -0.85187032418952624      -0.68149625935162506     
          53 -0.85286783042394021      -0.68229426433915419     
          54 -0.85386533665835418      -0.68309226932668954     
          55 -0.85486284289276815      -0.68389027431421845     
          56 -0.85586034912718212      -0.68468827930174503     
          57 -0.85685785536159609      -0.68548628428927239     
          58 -0.85785536159601006      -0.68628428927680385     
          59 -0.85885286783042392      -0.68708229426433753     
          60 -0.85985037406483789      -0.68788029925187055     
          61 -0.86084788029925186      -0.68867830423939602     
          62 -0.86184538653366582      -0.68947630922693492     
          63 -0.86284289276807979      -0.69027431421446617     
          64 -0.86384039900249376      -0.69107231920198697     
          65 -0.86483790523690773      -0.69187032418952787     
          66 -0.86583541147132170      -0.69266832917705523     
          67 -0.86683291770573567      -0.69346633416459236     
          68 -0.86783042394014964      -0.69426433915211860     
          69 -0.86882793017456361      -0.69506234413964751     
          70 -0.86982543640897758      -0.69586034912718109     
          71 -0.87082294264339155      -0.69665835411470545     
          72 -0.87182044887780552      -0.69745635910225112     
          73 -0.87281795511221949      -0.69825436408977226     
          74 -0.87381546134663346      -0.69905236907729829     
          75 -0.87481296758104743      -0.69985037406484241     
          76 -0.87581047381546140      -0.70064837905236843     
          77 -0.87680798004987537      -0.70144638403989812     
          78 -0.87780548628428934      -0.70224438902743425     
          79 -0.87880299251870331      -0.70304239401495972     
          80 -0.87980049875311717      -0.70384039900248929     
          81 -0.88079800498753125      -0.70463840399002298     
          82 -0.88179551122194511      -0.70543640897755822     
          83 -0.88279301745635907      -0.70623441396508946     
          84 -0.88379052369077304      -0.70703241895261826     
          85 -0.88478802992518701      -0.70783042394014828     
          86 -0.88578553615960098      -0.70862842892768119     
          87 -0.88678304239401495      -0.70942643391521143     
          88 -0.88778054862842892      -0.71022443890274201     
          89 -0.88877805486284289      -0.71102244389027058     
          90 -0.88977556109725686      -0.71182044887780183     
          91 -0.89077306733167083      -0.71261845386533151     
          92 -0.89177057356608480      -0.71341645885286931     
          93 -0.89276807980049877      -0.71421446384040521     
          94 -0.89376558603491274      -0.71501246882793346     
          95 -0.89476309226932671      -0.71581047381546203     
          96 -0.89576059850374068      -0.71660847880299428     
          97 -0.89675810473815465      -0.71740648379052563     
          98 -0.89775561097256862      -0.71820448877805920     
          99 -0.89875311720698259      -0.71900249376558967     
         100 -0.89975062344139656      -0.71980049875312380     
         101 -0.90074812967581053      -0.72059850374064716     
         102 -0.90174563591022450      -0.72139650872817895     
         103 -0.90274314214463847      -0.72219451371571475     
         104 -0.90374064837905244      -0.72299251870324932     
         105 -0.90473815461346629      -0.72379052369077546     
         106 -0.90573566084788038      -0.72458852867830781     
         107 -0.90673316708229423      -0.72538653366583528     
         108 -0.90773067331670820      -0.72618453865337174     
         109 -0.90872817955112217      -0.72698254364088888     
         110 -0.90972568578553614      -0.72778054862842945     
         111 -0.91072319201995011      -0.72857855361595969     
         112 -0.91172069825436408      -0.72937655860349115     
         113 -0.91271820448877805      -0.73017456359102806     
         114 -0.91371571072319202      -0.73097256857855253     
         115 -0.91471321695760599      -0.73177057356608310     
         116 -0.91571072319201996      -0.73256857855361313     
         117 -0.91670822942643393      -0.73336658354114748     
         118 -0.91770573566084790      -0.73416458852868216     
         119 -0.91870324189526187      -0.73496259351620519     
         120 -0.91970074812967584      -0.73576059850373465     
         121 -0.92069825436408981      -0.73655860349127045     
         122 -0.92169576059850378      -0.73735660847879436     
