 a=[
           0 -0.80000000000000004      -0.63999999992258416     
           1 -0.80099750623441401      -0.64079800490926953     
           2 -0.80199501246882798      -0.64159600989593601     
           3 -0.80299251870324195      -0.64239401488258729     
           4 -0.80399002493765592      -0.64319201986922880     
           5 -0.80498753117206989      -0.64399002485585521     
           6 -0.80598503740648386      -0.64478802984245565     
           7 -0.80698254364089783      -0.64558603482904731     
           8 -0.80798004987531180      -0.64638403981562642     
           9 -0.80897755610972577      -0.64718204480217956     
          10 -0.80997506234413974      -0.64798004978872026     
          11 -0.81097256857855371      -0.64877805477524542     
          12 -0.81197007481296757      -0.64957605976175314     
          13 -0.81296758104738154      -0.65037406474823078     
          14 -0.81396508728179551      -0.65117206973470720     
          15 -0.81496259351620948      -0.65197007472115165     
          16 -0.81596009975062345      -0.65276807970758599     
          17 -0.81695760598503742      -0.65356608469398980     
          18 -0.81795511221945139      -0.65436408968037663     
          19 -0.81895261845386536      -0.65516209466674613     
          20 -0.81995012468827932      -0.65596009965309188     
          21 -0.82094763092269329      -0.65675810463941031     
          22 -0.82194513715710726      -0.65755610962571331     
          23 -0.82294264339152123      -0.65835411461198678     
          24 -0.82394014962593520      -0.65915211959823827     
          25 -0.82493765586034917      -0.65995012458445845     
          26 -0.82593516209476314      -0.66074812957066209     
          27 -0.82693266832917711      -0.66154613455682831     
          28 -0.82793017456359108      -0.66234413954298144     
          29 -0.82892768079800505      -0.66314214452909526     
          30 -0.82992518703241902      -0.66394014951518032     
          31 -0.83092269326683299      -0.66473815450124718     
          32 -0.83192019950124696      -0.66553615948727041     
          33 -0.83291770573566093      -0.66633416447326677     
          34 -0.83391521197007490      -0.66713216945923548     
          35 -0.83491271820448887      -0.66793017444516922     
          36 -0.83591022443890273      -0.66872817943106810     
          37 -0.83690773067331670      -0.66952618441692757     
          38 -0.83790523690773067      -0.67032418940275817     
          39 -0.83890274314214464      -0.67112219438854603     
          40 -0.83990024937655861      -0.67192019937429459     
          41 -0.84089775561097257      -0.67271820436000718     
          42 -0.84189526184538654      -0.67351620934567591     
          43 -0.84289276807980051      -0.67431421433130778     
          44 -0.84389027431421448      -0.67511221931689203     
          45 -0.84488778054862845      -0.67591022430243508     
          46 -0.84588528678304242      -0.67670822928792618     
          47 -0.84688279301745639      -0.67750623427337686     
          48 -0.84788029925187036      -0.67830423925877037     
          49 -0.84887780548628433      -0.67910224424411636     
          50 -0.84987531172069830      -0.67990024922940639     
          51 -0.85087281795511227      -0.68069825421464392     
          52 -0.85187032418952624      -0.68149625919982615     
          53 -0.85286783042394021      -0.68229426418494588     
          54 -0.85386533665835418      -0.68309226917000976     
          55 -0.85486284289276815      -0.68389027415500847     
          56 -0.85586034912718212      -0.68468827913994212     
          57 -0.85685785536159609      -0.68548628412480650     
          58 -0.85785536159601006      -0.68628428910959771     
          59 -0.85885286783042392      -0.68708229409432120     
          60 -0.85985037406483789      -0.68788029907896742     
          61 -0.86084788029925186      -0.68867830406353758     
          62 -0.86184538653366582      -0.68947630904802293     
          63 -0.86284289276807979      -0.69027431403242756     
          64 -0.86384039900249376      -0.69107231901674193     
          65 -0.86483790523690773      -0.69187032400096815     
          66 -0.86583541147132170      -0.69266832898509156     
          67 -0.86683291770573567      -0.69346633396912349     
          68 -0.86783042394014964      -0.69426433895304551     
          69 -0.86882793017456361      -0.69506234393685551     
          70 -0.86982543640897758      -0.69586034892056126     
          71 -0.87082294264339155      -0.69665835390414332     
          72 -0.87182044887780552      -0.69745635888760749     
          73 -0.87281795511221949      -0.69825436387093831     
          74 -0.87381546134663346      -0.69905236885413158     
          75 -0.87481296758104743      -0.69985037383718729     
          76 -0.87581047381546140      -0.70064837882009434     
          77 -0.87680798004987537      -0.70144638380284352     
          78 -0.87780548628428934      -0.70224438878543671     
          79 -0.87880299251870331      -0.70304239376784861     
          80 -0.87980049875311717      -0.70384039875007887     
          81 -0.88079800498753125      -0.70463840373213260     
          82 -0.88179551122194511      -0.70543640871397928     
          83 -0.88279301745635907      -0.70623441369561979     
          84 -0.88379052369077304      -0.70703241867703370     
          85 -0.88478802992518701      -0.70783042365821547     
          86 -0.88578553615960098      -0.70862842863915587     
          87 -0.88678304239401495      -0.70942643361982760     
          88 -0.88778054862842892      -0.71022443860022899     
          89 -0.88877805486284289      -0.71102244358033639     
          90 -0.88977556109725686      -0.71182044856014404     
          91 -0.89077306733167083      -0.71261845353961351     
          92 -0.89177057356608480      -0.71341645851874769     
          93 -0.89276807980049877      -0.71421446349751183     
          94 -0.89376558603491274      -0.71501246847588362     
          95 -0.89476309226932671      -0.71581047345384397     
          96 -0.89576059850374068      -0.71660847843136266     
          97 -0.89675810473815465      -0.71740648340841695     
          98 -0.89775561097256862      -0.71820448838497464     
          99 -0.89875311720698259      -0.71900249336100974     
         100 -0.89975062344139656      -0.71980049833647886     
         101 -0.90074812967581053      -0.72059850331135400     
         102 -0.90174563591022450      -0.72139650828558965     
         103 -0.90274314214463847      -0.72219451325915818     
         104 -0.90374064837905244      -0.72299251823200861     
         105 -0.90473815461346629      -0.72379052320409643     
         106 -0.90573566084788038      -0.72458852817537389     
         107 -0.90673316708229423      -0.72538653314578772     
         108 -0.90773067331670820      -0.72618453811530015     
         109 -0.90872817955112217      -0.72698254308383659     
         110 -0.90972568578553614      -0.72778054805135339     
         111 -0.91072319201995011      -0.72857855301779373     
         112 -0.91172069825436408      -0.72937655798308110     
         113 -0.91271820448877805      -0.73017456294716665     
         114 -0.91371571072319202      -0.73097256790998788     
         115 -0.91471321695760599      -0.73177057287147684     
         116 -0.91571072319201996      -0.73256857783157125     
         117 -0.91670822942643393      -0.73336658279021627     
         118 -0.91770573566084790      -0.73416458774734972     
         119 -0.91870324189526187      -0.73496259270291375     
         120 -0.91970074812967584      -0.73576059765686297     
         121 -0.92069825436408981      -0.73655860260916206     
         122 -0.92169576059850378      -0.73735660755977428     
