 a=[
           0 -0.80000000000000004      -0.63999999999886126     
           1 -0.80099750623441401      -0.64079800498637729     
           2 -0.80199501246882798      -0.64159600997389554     
           3 -0.80299251870324195      -0.64239401496141635     
           4 -0.80399002493765592      -0.64319201994893471     
           5 -0.80498753117206989      -0.64399002493645263     
           6 -0.80598503740648386      -0.64478802992397322     
           7 -0.80698254364089783      -0.64558603491148669     
           8 -0.80798004987531180      -0.64638403989900683     
           9 -0.80897755610972577      -0.64718204488652786     
          10 -0.80997506234413974      -0.64798004987403901     
          11 -0.81097256857855371      -0.64877805486156237     
          12 -0.81197007481296757      -0.64957605984907185     
          13 -0.81296758104738154      -0.65037406483659033     
          14 -0.81396508728179551      -0.65117206982410458     
          15 -0.81496259351620948      -0.65197007481162250     
          16 -0.81596009975062345      -0.65276807979914209     
          17 -0.81695760598503742      -0.65356608478665534     
          18 -0.81795511221945139      -0.65436408977417115     
          19 -0.81895261845386536      -0.65516209476168985     
          20 -0.81995012468827932      -0.65596009974920300     
          21 -0.82094763092269329      -0.65675810473671503     
          22 -0.82194513715710726      -0.65755610972423884     
          23 -0.82294264339152123      -0.65835411471175387     
          24 -0.82394014962593520      -0.65915211969926335     
          25 -0.82493765586034917      -0.65995012468677405     
          26 -0.82593516209476314      -0.66074812967429630     
          27 -0.82693266832917711      -0.66154613466179868     
          28 -0.82793017456359108      -0.66234413964931960     
          29 -0.82892768079800505      -0.66314214463682430     
          30 -0.82992518703241902      -0.66394014962433501     
          31 -0.83092269326683299      -0.66473815461184449     
          32 -0.83192019950124696      -0.66553615959935730     
          33 -0.83291770573566093      -0.66633416458687045     
          34 -0.83391521197007490      -0.66713216957438004     
          35 -0.83491271820448887      -0.66793017456189674     
          36 -0.83591022443890273      -0.66872817954940011     
          37 -0.83690773067331670      -0.66952618453690760     
          38 -0.83790523690773067      -0.67032418952441686     
          39 -0.83890274314214464      -0.67112219451192390     
          40 -0.83990024937655861      -0.67192019949943049     
          41 -0.84089775561097257      -0.67271820448694164     
          42 -0.84189526184538654      -0.67351620947445145     
          43 -0.84289276807980051      -0.67431421446195594     
          44 -0.84389027431421448      -0.67511221944946398     
          45 -0.84488778054862845      -0.67591022443697046     
          46 -0.84588528678304242      -0.67670822942447295     
          47 -0.84688279301745639      -0.67750623441197266     
          48 -0.84788029925187036      -0.67830423939948703     
          49 -0.84887780548628433      -0.67910224438698308     
          50 -0.84987531172069830      -0.67990024937448823     
          51 -0.85087281795511227      -0.68069825436199549     
          52 -0.85187032418952624      -0.68149625934949654     
          53 -0.85286783042394021      -0.68229426433699680     
          54 -0.85386533665835418      -0.68309226932449751     
          55 -0.85486284289276815      -0.68389027431199656     
          56 -0.85586034912718212      -0.68468827929948739     
          57 -0.85685785536159609      -0.68548628428698910     
          58 -0.85785536159601006      -0.68628428927448826     
          59 -0.85885286783042392      -0.68708229426198386     
          60 -0.85985037406483789      -0.68788029924948146     
          61 -0.86084788029925186      -0.68867830423697274     
          62 -0.86184538653366582      -0.68947630922446945     
          63 -0.86284289276807979      -0.69027431421196206     
          64 -0.86384039900249376      -0.69107231919945777     
          65 -0.86483790523690773      -0.69187032418695493     
          66 -0.86583541147132170      -0.69266832917443855     
          67 -0.86683291770573567      -0.69346633416192915     
          68 -0.86783042394014964      -0.69426433914942054     
          69 -0.86882793017456361      -0.69506234413690637     
          70 -0.86982543640897758      -0.69586034912439354     
          71 -0.87082294264339155      -0.69665835411187660     
          72 -0.87182044887780552      -0.69745635909936798     
          73 -0.87281795511221949      -0.69825436408685215     
          74 -0.87381546134663346      -0.69905236907433099     
          75 -0.87481296758104743      -0.69985037406181128     
          76 -0.87581047381546140      -0.70064837904929489     
          77 -0.87680798004987537      -0.70144638403677262     
          78 -0.87780548628428934      -0.70224438902424480     
          79 -0.87880299251870331      -0.70304239401172197     
          80 -0.87980049875311717      -0.70384039899919559     
          81 -0.88079800498753125      -0.70463840398666611     
          82 -0.88179551122194511      -0.70543640897413606     
          83 -0.88279301745635907      -0.70623441396161168     
          84 -0.88379052369077304      -0.70703241894907365     
          85 -0.88478802992518701      -0.70783042393654017     
          86 -0.88578553615960098      -0.70862842892400735     
          87 -0.88678304239401495      -0.70942643391146487     
          88 -0.88778054862842892      -0.71022443889892517     
          89 -0.88877805486284289      -0.71102244388638303     
          90 -0.88977556109725686      -0.71182044887383822     
          91 -0.89077306733167083      -0.71261845386129385     
          92 -0.89177057356608480      -0.71341645884874305     
          93 -0.89276807980049877      -0.71421446383619314     
          94 -0.89376558603491274      -0.71501246882364033     
          95 -0.89476309226932671      -0.71581047381108476     
          96 -0.89576059850374068      -0.71660847879851952     
          97 -0.89675810473815465      -0.71740648378596361     
          98 -0.89775561097256862      -0.71820448877339393     
          99 -0.89875311720698259      -0.71900249376083158     
         100 -0.89975062344139656      -0.71980049874825947     
         101 -0.90074812967581053      -0.72059850373568224     
         102 -0.90174563591022450      -0.72139650872310035     
         103 -0.90274314214463847      -0.72219451371051846     
         104 -0.90374064837905244      -0.72299251869793335     
         105 -0.90473815461346629      -0.72379052368534513     
         106 -0.90573566084788038      -0.72458852867274948     
         107 -0.90673316708229423      -0.72538653366014438     
         108 -0.90773067331670820      -0.72618453864754873     
         109 -0.90872817955112217      -0.72698254363493087     
         110 -0.90972568578553614      -0.72778054862231834     
         111 -0.91072319201995011      -0.72857855360969648     
         112 -0.91172069825436408      -0.72937655859707096     
         113 -0.91271820448877805      -0.73017456358443855     
         114 -0.91371571072319202      -0.73097256857179993     
         115 -0.91471321695760599      -0.73177057355915232     
         116 -0.91571072319201996      -0.73256857854649948     
         117 -0.91670822942643393      -0.73336658353383877     
         118 -0.91770573566084790      -0.73416458852117139     
         119 -0.91870324189526187      -0.73496259350848869     
         120 -0.91970074812967584      -0.73576059849579323     
         121 -0.92069825436408981      -0.73655860348309787     
         122 -0.92169576059850378      -0.73735660847039430     
