 a=[
           0 -0.80000000000000004      -0.22456140632541363      -0.14035087888694397       -5.8131328642071784E-011
           1 -0.80099750623441401      -0.22484140807892139      -0.14035087888690587       -6.4907516844338277E-011
           2 -0.80199501246882798      -0.22512140983242881      -0.14035087888686298       -7.1902230033122315E-011
           3 -0.80299251870324195      -0.22540141158593610      -0.14035087888681694       -7.9126500626214638E-011
           4 -0.80399002493765592      -0.22568141333944253      -0.14035087888676612       -8.6578494763403123E-011
           5 -0.80498753117206989      -0.22596141509294920      -0.14035087888671016       -9.4286295364656193E-011
           6 -0.80598503740648386      -0.22624141684645485      -0.14035087888665015       -1.0224746759310939E-010
           7 -0.80698254364089783      -0.22652141859996056      -0.14035087888658559       -1.1047696193603558E-010
           8 -0.80798004987531180      -0.22680142035346570      -0.14035087888651473       -1.1899089362893715E-010
           9 -0.80897755610972577      -0.22708142210697080      -0.14035087888643993       -1.2779994028105576E-010
          10 -0.80997506234413974      -0.22736142386047409      -0.14035087888636014       -1.3691801213850177E-010
          11 -0.81097256857855371      -0.22764142561397846      -0.14035087888627343       -1.4634862276170302E-010
          12 -0.81197007481296757      -0.22792142736748208      -0.14035087888618206       -1.5611407639840947E-010
          13 -0.81296758104738154      -0.22820142912098487      -0.14035087888608450       -1.6623181927781549E-010
          14 -0.81396508728179551      -0.22848143087448722      -0.14035087888598086       -1.7671526630116388E-010
          15 -0.81496259351620948      -0.22876143262798898      -0.14035087888587111       -1.8757579043075963E-010
          16 -0.81596009975062345      -0.22904143438149038      -0.14035087888575395       -1.9884513179362247E-010
          17 -0.81695760598503742      -0.22932143613499151      -0.14035087888563014       -2.1052519628164635E-010
          18 -0.81795511221945139      -0.22960143788849202      -0.14035087888549927       -2.2264526051800348E-010
          19 -0.81895261845386536      -0.22988143964199106      -0.14035087888536094       -2.3522925398982916E-010
          20 -0.81995012468827932      -0.23016144139549083      -0.14035087888521522       -2.4828661708938471E-010
          21 -0.82094763092269329      -0.23044144314898898      -0.14035087888505990       -2.6185589386797581E-010
          22 -0.82194513715710726      -0.23072144490248725      -0.14035087888489864       -2.7595193893213384E-010
          23 -0.82294264339152123      -0.23100144665598399      -0.14035087888472697       -2.9060150566842004E-010
          24 -0.82394014962593520      -0.23128144840948095      -0.14035087888454698       -3.0583391168962498E-010
          25 -0.82493765586034917      -0.23156145016297702      -0.14035087888435763       -3.2167712498689868E-010
          26 -0.82593516209476314      -0.23184145191647249      -0.14035087888415751       -3.3817097101654196E-010
          27 -0.82693266832917711      -0.23212145366996703      -0.14035087888394882       -3.5533621204687001E-010
          28 -0.82793017456359108      -0.23240145542346083      -0.14035087888372708       -3.7320888484390202E-010
          29 -0.82892768079800505      -0.23268145717695379      -0.14035087888349754       -3.9182492637284717E-010
          30 -0.82992518703241902      -0.23296145893044554      -0.14035087888325437       -4.1122845450061729E-010
          31 -0.83092269326683299      -0.23324146068393700      -0.14035087888299852       -4.3146925515400412E-010
          32 -0.83192019950124696      -0.23352146243742733      -0.14035087888273071       -4.5257591457011775E-010
          33 -0.83291770573566093      -0.23380146419091719      -0.14035087888244949       -4.7459671995598186E-010
          34 -0.83391521197007490      -0.23408146594440590      -0.14035087888215583       -4.9759086925165764E-010
          35 -0.83491271820448887      -0.23436146769789376      -0.14035087888184614       -5.2160330774649738E-010
          36 -0.83591022443890273      -0.23464146945137984      -0.14035087888152176       -5.4669608576740029E-010
          37 -0.83690773067331670      -0.23492147120486603      -0.14035087888118114       -5.7293186828902970E-010
          38 -0.83790523690773067      -0.23520147295835009      -0.14035087888082426       -6.0036130862702042E-010
          39 -0.83890274314214464      -0.23548147471183403      -0.14035087888045075       -6.2907616915381260E-010
          40 -0.83990024937655861      -0.23576147646531700      -0.14035087888005901       -6.5912605484285541E-010
          41 -0.84089775561097257      -0.23604147821879778      -0.14035087887964667       -6.9060029968411561E-010
          42 -0.84189526184538654      -0.23632147997227673      -0.14035087887921543       -7.2358427921832315E-010
          43 -0.84289276807980051      -0.23660148172575560      -0.14035087887876305       -7.5816847049624270E-010
          44 -0.84389027431421448      -0.23688148347923216      -0.14035087887828823       -7.9444601849202982E-010
          45 -0.84488778054862845      -0.23716148523270925      -0.14035087887779207       -8.3251601451376014E-010
          46 -0.84588528678304242      -0.23744148698618298      -0.14035087887726913       -8.7249890491180974E-010
          47 -0.84688279301745639      -0.23772148873965554      -0.14035087887672246       -9.1450561511517703E-010
          48 -0.84788029925187036      -0.23800149049312666      -0.14035087887614733       -9.5866454772925054E-010
          49 -0.84887780548628433      -0.23828149224659601      -0.14035087887554556       -1.0051227031942795E-009
          50 -0.84987531172069830      -0.23856149400006407      -0.14035087887491238       -1.0540119803695031E-009
          51 -0.85087281795511227      -0.23884149575352975      -0.14035087887424735       -1.1055142250314225E-009
          52 -0.85187032418952624      -0.23912149750699377      -0.14035087887354972       -1.1597748816546440E-009
          53 -0.85286783042394021      -0.23940149926045562      -0.14035087887281744       -1.2169949711068710E-009
          54 -0.85386533665835418      -0.23968150101391628      -0.14035087887204653       -1.2773710419489506E-009
          55 -0.85486284289276815      -0.23996150276737374      -0.14035087887123715       -1.3411263038152522E-009
          56 -0.85586034912718212      -0.24024150452083037      -0.14035087887038541       -1.4084855465106016E-009
          57 -0.85685785536159609      -0.24052150627428290      -0.14035087886949113       -1.4797106632439411E-009
          58 -0.85785536159601006      -0.24080150802773365      -0.14035087886854852       -1.5550726209121943E-009
          59 -0.85885286783042392      -0.24108150978118195      -0.14035087886755704       -1.6348732261636106E-009
          60 -0.85985037406483789      -0.24136151153462773      -0.14035087886651285       -1.7194398776424098E-009
          61 -0.86084788029925186      -0.24164151328807085      -0.14035087886541245       -1.8091290534334899E-009
          62 -0.86184538653366582      -0.24192151504151038      -0.14035087886425338       -1.9043245760136905E-009
          63 -0.86284289276807979      -0.24220151679494731      -0.14035087886303046       -2.0054442833477605E-009
          64 -0.86384039900249376      -0.24248151854837990      -0.14035087886174022       -2.1129617347242710E-009
          65 -0.86483790523690773      -0.24276152030181006      -0.14035087886037881       -2.2273760745430797E-009
          66 -0.86583541147132170      -0.24304152205523763      -0.14035087885894093       -2.3492409103112455E-009
          67 -0.86683291770573567      -0.24332152380865915      -0.14035087885742065       -2.4791674404578759E-009
