 a=[
           0 -0.80000000000000004      -0.64000000000000246      -0.39999999999902008        2.9484261622869776E-012
           1 -0.80099750623441401      -0.64079800498752626      -0.39999999999902874        2.8230921419082085E-012
           2 -0.80199501246882798      -0.64159600997506150      -0.39999999999902514        3.1263309361006093E-012
           3 -0.80299251870324195      -0.64239401496259529      -0.39999999999902558        2.8196910087987257E-012
           4 -0.80399002493765592      -0.64319201995013320      -0.39999999999902325        2.8736267767921541E-012
           5 -0.80498753117206989      -0.64399002493765989      -0.39999999999902164        2.8652009481013193E-012
           6 -0.80598503740648386      -0.64478802992518158      -0.39999999999903063        2.8707326500763269E-012
           7 -0.80698254364089783      -0.64558603491271693      -0.39999999999904373        2.8724590395951357E-012
           8 -0.80798004987531180      -0.64638403990025639      -0.39999999999903696        3.0786918484067434E-012
           9 -0.80897755610972577      -0.64718204488778108      -0.39999999999904262        2.7673255774208268E-012
          10 -0.80997506234413974      -0.64798004987530544      -0.39999999999905150        2.7755047774342338E-012
          11 -0.81097256857855371      -0.64877805486284124      -0.39999999999903957        2.6879064384445364E-012
          12 -0.81197007481296757      -0.64957605985037681      -0.39999999999904695        2.7507085532477442E-012
          13 -0.81296758104738154      -0.65037406483790516      -0.39999999999905067        2.8974936476521029E-012
          14 -0.81396508728179551      -0.65117206982543674      -0.39999999999905261        2.8657511074355057E-012
          15 -0.81496259351620948      -0.65197007481296121      -0.39999999999905217        2.8478050017473040E-012
          16 -0.81596009975062345      -0.65276807980050000      -0.39999999999905511        2.7884311719064616E-012
          17 -0.81695760598503742      -0.65356608478803235      -0.39999999999906349        2.8486852269511459E-012
          18 -0.81795511221945139      -0.65436408977556026      -0.39999999999906161        2.6370661665446507E-012
          19 -0.81895261845386536      -0.65516209476308918      -0.39999999999905866        2.7672510906139947E-012
          20 -0.81995012468827932      -0.65596009975061842      -0.39999999999906816        2.8463350565354742E-012
          21 -0.82094763092269329      -0.65675810473816187      -0.39999999999906888        2.5761049931490054E-012
          22 -0.82194513715710726      -0.65755610972569789      -0.39999999999906122        2.7946482976010686E-012
          23 -0.82294264339152123      -0.65835411471322258      -0.39999999999907038        2.6176584661189296E-012
          24 -0.82394014962593520      -0.65915211970075172      -0.39999999999906632        2.6879722617983840E-012
          25 -0.82493765586034917      -0.65995012468828707      -0.39999999999908403        2.5262801235939809E-012
          26 -0.82593516209476314      -0.66074812967581764      -0.39999999999907693        2.6010830609097103E-012
          27 -0.82693266832917711      -0.66154613466334056      -0.39999999999908187        2.5298791610811502E-012
          28 -0.82793017456359108      -0.66234413965087335      -0.39999999999908226        2.7001852148186996E-012
          29 -0.82892768079800505      -0.66314214463840337      -0.39999999999909414        2.7737239037916423E-012
          30 -0.82992518703241902      -0.66394014962594150      -0.39999999999908636        2.4814247175664332E-012
          31 -0.83092269326683299      -0.66473815461346719      -0.39999999999909058        2.5290000425258539E-012
          32 -0.83192019950124696      -0.66553615960100077      -0.39999999999910041        2.6485284302627150E-012
          33 -0.83291770573566093      -0.66633416458853134      -0.39999999999908403        2.7476973019923442E-012
          34 -0.83391521197007490      -0.66713216957605692      -0.39999999999909258        2.6682683569156235E-012
          35 -0.83491271820448887      -0.66793017456359227      -0.39999999999910119        2.6409705390805145E-012
          36 -0.83591022443890273      -0.66872817955112207      -0.39999999999909702        2.7016707894824722E-012
          37 -0.83690773067331670      -0.66952618453864943      -0.39999999999909935        2.4692235747265012E-012
          38 -0.83790523690773067      -0.67032418952618866      -0.39999999999910818        2.5480909877811692E-012
          39 -0.83890274314214464      -0.67112219451371458      -0.39999999999909469        2.4545078926099004E-012
          40 -0.83990024937655861      -0.67192019950125570      -0.39999999999911712        2.7989680716114084E-012
          41 -0.84089775561097257      -0.67271820448878372      -0.39999999999911318        2.4731738602597544E-012
          42 -0.84189526184538654      -0.67351620947630564      -0.39999999999910768        2.4733576147402988E-012
          43 -0.84289276807980051      -0.67431421446384365      -0.39999999999911584        2.6091339070560046E-012
          44 -0.84389027431421448      -0.67511221945137145      -0.39999999999911934        2.4584233388310001E-012
          45 -0.84488778054862845      -0.67591022443889870      -0.39999999999910552        2.6532025757531317E-012
          46 -0.84588528678304242      -0.67670822942643316      -0.39999999999912361        2.3437993963725846E-012
          47 -0.84688279301745639      -0.67750623441396407      -0.39999999999912678        2.3557248460818114E-012
          48 -0.84788029925187036      -0.67830423940150364      -0.39999999999912456        2.2880307776185476E-012
          49 -0.84887780548628433      -0.67910224438902389      -0.39999999999913283        2.4388263523760726E-012
          50 -0.84987531172069830      -0.67990024937656646      -0.39999999999913299        2.3811755535684031E-012
          51 -0.85087281795511227      -0.68069825436409104      -0.39999999999913105        2.3874532095079703E-012
          52 -0.85187032418952624      -0.68149625935162506      -0.39999999999913533        2.2757487456732516E-012
          53 -0.85286783042394021      -0.68229426433915419      -0.39999999999914027        2.5238588345979918E-012
          54 -0.85386533665835418      -0.68309226932668954      -0.39999999999914349        2.3618109777076091E-012
          55 -0.85486284289276815      -0.68389027431421845      -0.39999999999914709        2.4170555863050908E-012
          56 -0.85586034912718212      -0.68468827930174503      -0.39999999999913566        2.2871954066209111E-012
          57 -0.85685785536159609      -0.68548628428927239      -0.39999999999913916        2.2951759884196152E-012
          58 -0.85785536159601006      -0.68628428927680385      -0.39999999999914126        2.0612643062138843E-012
          59 -0.85885286783042392      -0.68708229426433753      -0.39999999999914509        2.3333476992882856E-012
          60 -0.85985037406483789      -0.68788029925187055      -0.39999999999914082        2.5732943591060637E-012
          61 -0.86084788029925186      -0.68867830423939602      -0.39999999999915981        2.3001946501617675E-012
          62 -0.86184538653366582      -0.68947630922693492      -0.39999999999914959        2.5269572370733347E-012
          63 -0.86284289276807979      -0.69027431421446617      -0.39999999999915431        2.1059278859604166E-012
          64 -0.86384039900249376      -0.69107231920198697      -0.39999999999916325        2.2203726148819179E-012
          65 -0.86483790523690773      -0.69187032418952787      -0.39999999999915786        2.1052750099053320E-012
          66 -0.86583541147132170      -0.69266832917705523      -0.39999999999915692        2.4077864336125195E-012
          67 -0.86683291770573567      -0.69346633416459236      -0.39999999999915953        2.6176980640621808E-012
