 a=[
           0 -0.80000000000000004      -0.22456140624424234      -0.14035087750924669       -1.4795721109015988E-008
           1 -0.80099750623441401      -0.22484140799659333      -0.14035087750028361       -1.5326929985381640E-008
           2 -0.80199501246882798      -0.22512140974891875      -0.14035087749099359       -1.5878460843908593E-008
           3 -0.80299251870324195      -0.22540141150121765      -0.14035087748136393       -1.6451297996892145E-008
           4 -0.80399002493765592      -0.22568141325348887      -0.14035087747137884       -1.7046489518557362E-008
           5 -0.80498753117206989      -0.22596141500573191      -0.14035087746102698       -1.7665150009015668E-008
           6 -0.80598503740648386      -0.22624141675794515      -0.14035087745029079       -1.8308455346617916E-008
           7 -0.80698254364089783      -0.22652141851012830      -0.14035087743915636       -1.8977660192127412E-008
           8 -0.80798004987531180      -0.22680142026228092      -0.14035087742760619       -1.9674090964661925E-008
           9 -0.80897755610972577      -0.22708142201440062      -0.14035087741562283       -2.0399162672089279E-008
          10 -0.80997506234413974      -0.22736142376648680      -0.14035087740318819       -2.1154378629026360E-008
          11 -0.81097256857855371      -0.22764142551853903      -0.14035087739028315       -2.1941344503437210E-008
          12 -0.81197007481296757      -0.22792142727055595      -0.14035087737688556       -2.2761767220613044E-008
          13 -0.81296758104738154      -0.22820142902253593      -0.14035087736297583       -2.3617469271605164E-008
          14 -0.81396508728179551      -0.22848143077447761      -0.14035087734852883       -2.4510391564242992E-008
          15 -0.81496259351620948      -0.22876143252638054      -0.14035087733352281       -2.5442619499931041E-008
          16 -0.81596009975062345      -0.22904143427824283      -0.14035087731793078       -2.6416369643491623E-008
          17 -0.81695760598503742      -0.22932143603006305      -0.14035087730172705       -2.7434018411262757E-008
          18 -0.81795511221945139      -0.22960143778183970      -0.14035087728488183       -2.8498118078367461E-008
          19 -0.81895261845386536      -0.22988143953357149      -0.14035087726736378       -2.9611395212150032E-008
          20 -0.81995012468827932      -0.23016144128525626      -0.14035087724914216       -3.0776786686336453E-008
          21 -0.82094763092269329      -0.23044144303689282      -0.14035087723018261       -3.1997437628964939E-008
          22 -0.82194513715710726      -0.23072144478847934      -0.14035087721045003       -3.3276735960947185E-008
          23 -0.82294264339152123      -0.23100144654001317      -0.14035087718990297       -3.4618324567647213E-008
          24 -0.82394014962593520      -0.23128144829149364      -0.14035087716850284       -3.6026126736758007E-008
          25 -0.82493765586034917      -0.23156145004291748      -0.14035087714620431       -3.7504377460410854E-008
          26 -0.82593516209476314      -0.23184145179428317      -0.14035087712296077       -3.9057643195193614E-008
          27 -0.82693266832917711      -0.23212145354558894      -0.14035087709872390       -4.0690859221155506E-008
          28 -0.82793017456359108      -0.23240145529683076      -0.14035087707343893       -4.2409363286985760E-008
          29 -0.82892768079800505      -0.23268145704800727      -0.14035087704705115       -4.4218923164578150E-008
          30 -0.82992518703241902      -0.23296145879911623      -0.14035087701949558       -4.6125801078829298E-008
          31 -0.83092269326683299      -0.23324146055015357      -0.14035087699071139       -4.8136774458617734E-008
          32 -0.83192019950124696      -0.23352146230111687      -0.14035087696062729       -5.0259200180769945E-008
          33 -0.83291770573566093      -0.23380146405200322      -0.14035087692916698       -5.2501074076496609E-008
          34 -0.83391521197007490      -0.23408146580280900      -0.14035087689625209       -5.4871074202334988E-008
          35 -0.83491271820448887      -0.23436146755353068      -0.14035087686179465       -5.7378653580417507E-008
          36 -0.83591022443890273      -0.23464146930416493      -0.14035087682570269       -6.0034077794699978E-008
          37 -0.83690773067331670      -0.23492147105470712      -0.14035087678787569       -6.2848539483144686E-008
          38 -0.83790523690773067      -0.23520147280515391      -0.14035087674820626       -6.5834236576134408E-008
          39 -0.83890274314214464      -0.23548147455549967      -0.14035087670657589       -6.9004446327965152E-008
          40 -0.83990024937655861      -0.23576147630574135      -0.14035087666286319       -7.2373663082513084E-008
          41 -0.84089775561097257      -0.23604147805587211      -0.14035087661692860       -7.5957680502596742E-008
          42 -0.84189526184538654      -0.23632147980588802      -0.14035087656862699       -7.9773730539325211E-008
          43 -0.84289276807980051      -0.23660148155578267      -0.14035087651779929       -8.3840610586027875E-008
          44 -0.84389027431421448      -0.23688148330554959      -0.14035087646427449       -8.8178817362477568E-008
          45 -0.84488778054862845      -0.23716148505518372      -0.14035087640786609       -9.2810709001380637E-008
          46 -0.84588528678304242      -0.23744148680467608      -0.14035087634837240       -9.7760657398731493E-008
          47 -0.84688279301745639      -0.23772148855402075      -0.14035087628557602       -1.0305521294402126E-007
          48 -0.84788029925187036      -0.23800149030320983      -0.14035087621924081       -1.0872328149585941E-007
          49 -0.84887780548628433      -0.23828149205223381      -0.14035087614910854       -1.1479631972918444E-007
          50 -0.84987531172069830      -0.23856149380108402      -0.14035087607490093       -1.2130849491240325E-007
          51 -0.85087281795511227      -0.23884149554975065      -0.14035087599631862       -1.2829691141370489E-007
          52 -0.85187032418952624      -0.23912149729822321      -0.14035087591303350       -1.3580175833687036E-007
          53 -0.85286783042394021      -0.23940149904649038      -0.14035087582468994       -1.4386651009390405E-007
          54 -0.85386533665835418      -0.23968150079453976      -0.14035087573090385       -1.5253810328828138E-007
          55 -0.85486284289276815      -0.23996150254235885      -0.14035087563126128       -1.6186706846763044E-007
          56 -0.85586034912718212      -0.24024150428993232      -0.14035087552531014       -1.7190766439089539E-007
          57 -0.85685785536159609      -0.24052150603724640      -0.14035087541256389       -1.8271795955513565E-007
          58 -0.85785536159601006      -0.24080150778428336      -0.14035087529250032       -1.9435984501513237E-007
          59 -0.85885286783042392      -0.24108150953102619      -0.14035087516455003       -2.0689902292900936E-007
          60 -0.85985037406483789      -0.24136151127745600      -0.14035087502810500       -2.2040484741817079E-007
          61 -0.86084788029925186      -0.24164151302355166      -0.14035087488251125       -2.3495011209663519E-007
          62 -0.86184538653366582      -0.24192151476929183      -0.14035087472706631       -2.5061064569831953E-007
          63 -0.86284289276807979      -0.24220151651465108      -0.14035087456101955       -2.6746476766443400E-007
          64 -0.86384039900249376      -0.24248151825960534      -0.14035087438357388       -2.8559252656171208E-007
          65 -0.86483790523690773      -0.24276152000412637      -0.14035087419388032       -3.0507467041647474E-007
          66 -0.86583541147132170      -0.24304152174818339      -0.14035087399103935       -3.2599132960761668E-007
          67 -0.86683291770573567      -0.24332152349174524      -0.14035087377410774       -3.4842030582384054E-007
