 a=[
           0 -0.80000000000000004      -0.22456140632541363     
           1 -0.80099750623441401      -0.22484140807892139     
           2 -0.80199501246882798      -0.22512140983242881     
           3 -0.80299251870324195      -0.22540141158593610     
           4 -0.80399002493765592      -0.22568141333944253     
           5 -0.80498753117206989      -0.22596141509294920     
           6 -0.80598503740648386      -0.22624141684645485     
           7 -0.80698254364089783      -0.22652141859996056     
           8 -0.80798004987531180      -0.22680142035346570     
           9 -0.80897755610972577      -0.22708142210697080     
          10 -0.80997506234413974      -0.22736142386047409     
          11 -0.81097256857855371      -0.22764142561397846     
          12 -0.81197007481296757      -0.22792142736748208     
          13 -0.81296758104738154      -0.22820142912098487     
          14 -0.81396508728179551      -0.22848143087448722     
          15 -0.81496259351620948      -0.22876143262798898     
          16 -0.81596009975062345      -0.22904143438149038     
          17 -0.81695760598503742      -0.22932143613499151     
          18 -0.81795511221945139      -0.22960143788849202     
          19 -0.81895261845386536      -0.22988143964199106     
          20 -0.81995012468827932      -0.23016144139549083     
          21 -0.82094763092269329      -0.23044144314898898     
          22 -0.82194513715710726      -0.23072144490248725     
          23 -0.82294264339152123      -0.23100144665598399     
          24 -0.82394014962593520      -0.23128144840948095     
          25 -0.82493765586034917      -0.23156145016297702     
          26 -0.82593516209476314      -0.23184145191647249     
          27 -0.82693266832917711      -0.23212145366996703     
          28 -0.82793017456359108      -0.23240145542346083     
          29 -0.82892768079800505      -0.23268145717695379     
          30 -0.82992518703241902      -0.23296145893044554     
          31 -0.83092269326683299      -0.23324146068393700     
          32 -0.83192019950124696      -0.23352146243742733     
          33 -0.83291770573566093      -0.23380146419091719     
          34 -0.83391521197007490      -0.23408146594440590     
          35 -0.83491271820448887      -0.23436146769789376     
          36 -0.83591022443890273      -0.23464146945137984     
          37 -0.83690773067331670      -0.23492147120486603     
          38 -0.83790523690773067      -0.23520147295835009     
          39 -0.83890274314214464      -0.23548147471183403     
          40 -0.83990024937655861      -0.23576147646531700     
          41 -0.84089775561097257      -0.23604147821879778     
          42 -0.84189526184538654      -0.23632147997227673     
          43 -0.84289276807980051      -0.23660148172575560     
          44 -0.84389027431421448      -0.23688148347923216     
          45 -0.84488778054862845      -0.23716148523270925     
          46 -0.84588528678304242      -0.23744148698618298     
          47 -0.84688279301745639      -0.23772148873965554     
          48 -0.84788029925187036      -0.23800149049312666     
          49 -0.84887780548628433      -0.23828149224659601     
          50 -0.84987531172069830      -0.23856149400006407     
          51 -0.85087281795511227      -0.23884149575352975     
          52 -0.85187032418952624      -0.23912149750699377     
          53 -0.85286783042394021      -0.23940149926045562     
          54 -0.85386533665835418      -0.23968150101391628     
          55 -0.85486284289276815      -0.23996150276737374     
          56 -0.85586034912718212      -0.24024150452083037     
          57 -0.85685785536159609      -0.24052150627428290     
          58 -0.85785536159601006      -0.24080150802773365     
          59 -0.85885286783042392      -0.24108150978118195     
          60 -0.85985037406483789      -0.24136151153462773     
          61 -0.86084788029925186      -0.24164151328807085     
          62 -0.86184538653366582      -0.24192151504151038     
          63 -0.86284289276807979      -0.24220151679494731     
          64 -0.86384039900249376      -0.24248151854837990     
          65 -0.86483790523690773      -0.24276152030181006     
          66 -0.86583541147132170      -0.24304152205523763     
          67 -0.86683291770573567      -0.24332152380865915     
          68 -0.86783042394014964      -0.24360152556207784     
          69 -0.86882793017456361      -0.24388152731549223     
          70 -0.86982543640897758      -0.24416152906890212     
          71 -0.87082294264339155      -0.24444153082230707     
          72 -0.87182044887780552      -0.24472153257570750     
          73 -0.87281795511221949      -0.24500153432910304     
          74 -0.87381546134663346      -0.24528153608249215     
          75 -0.87481296758104743      -0.24556153783587523     
          76 -0.87581047381546140      -0.24584153958925214     
          77 -0.87680798004987537      -0.24612154134262207     
          78 -0.87780548628428934      -0.24640154309598644     
          79 -0.87880299251870331      -0.24668154484934246     
          80 -0.87980049875311717      -0.24696154660268965     
          81 -0.88079800498753125      -0.24724154835602899     
          82 -0.88179551122194511      -0.24752155010935922     
          83 -0.88279301745635907      -0.24780155186267988     
          84 -0.88379052369077304      -0.24808155361598880     
          85 -0.88478802992518701      -0.24836155536928822     
          86 -0.88578553615960098      -0.24864155712257391     
          87 -0.88678304239401495      -0.24892155887584752     
          88 -0.88778054862842892      -0.24920156062910728     
          89 -0.88877805486284289      -0.24948156238235178     
          90 -0.88977556109725686      -0.24976156413558021     
          91 -0.89077306733167083      -0.25004156588879023     
          92 -0.89177057356608480      -0.25032156764198071     
          93 -0.89276807980049877      -0.25060156939515066     
          94 -0.89376558603491274      -0.25088157114829773     
          95 -0.89476309226932671      -0.25116157290141961     
          96 -0.89576059850374068      -0.25144157465451328     
          97 -0.89675810473815465      -0.25172157640757636     
          98 -0.89775561097256862      -0.25200157816060686     
          99 -0.89875311720698259      -0.25228157991359967     
         100 -0.89975062344139656      -0.25256158166655140     
         101 -0.90074812967581053      -0.25284158341945645     
         102 -0.90174563591022450      -0.25312158517231098     
         103 -0.90274314214463847      -0.25340158692510700     
         104 -0.90374064837905244      -0.25368158867783769     
         105 -0.90473815461346629      -0.25396159043049465     
         106 -0.90573566084788038      -0.25424159218306858     
         107 -0.90673316708229423      -0.25452159393554630     
         108 -0.90773067331670820      -0.25480159568791722     
         109 -0.90872817955112217      -0.25508159744016512     
         110 -0.90972568578553614      -0.25536159919227081     
         111 -0.91072319201995011      -0.25564160094421889     
         112 -0.91172069825436408      -0.25592160269598369     
         113 -0.91271820448877805      -0.25620160444754109     
         114 -0.91371571072319202      -0.25648160619886501     
         115 -0.91471321695760599      -0.25676160794992459     
         116 -0.91571072319201996      -0.25704160970069029     
         117 -0.91670822942643393      -0.25732161145113325     
         118 -0.91770573566084790      -0.25760161320122571     
         119 -0.91870324189526187      -0.25788161495094453     
         120 -0.91970074812967584      -0.25816161670027882     
         121 -0.92069825436408981      -0.25844161844923541     
         122 -0.92169576059850378      -0.25872162019784084     
