 a=[
           0 -0.80000000000000004      -0.22456140632664506      -0.14035087879591962       -6.3173863418945816E-009
           1 -0.80099750623441401      -0.22484140808016947      -0.14035087879165137       -6.5313963540807596E-009
           2 -0.80199501246882798      -0.22512140983369391      -0.14035087878723851       -6.7541719387150080E-009
           3 -0.80299251870324195      -0.22540141158721849      -0.14035087878267388       -6.9861348497893846E-009
           4 -0.80399002493765592      -0.22568141334074257      -0.14035087877795246       -7.2277298749516387E-009
           5 -0.80498753117206989      -0.22596141509426740      -0.14035087877306732       -7.4794285337973157E-009
           6 -0.80598503740648386      -0.22624141684779284      -0.14035087876801072       -7.7417265056617333E-009
           7 -0.80698254364089783      -0.22652141860131644      -0.14035087876277680       -8.0151486916404767E-009
           8 -0.80798004987531180      -0.22680142035484135      -0.14035087875735652       -8.3002489899213169E-009
           9 -0.80897755610972577      -0.22708142210836574      -0.14035087875174335       -8.5976142261470614E-009
          10 -0.80997506234413974      -0.22736142386188907      -0.14035087874592730       -8.9078637179011288E-009
          11 -0.81097256857855371      -0.22764142561541265      -0.14035087873990185       -9.2316565261030301E-009
          12 -0.81197007481296757      -0.22792142736893858      -0.14035087873365612       -9.5696836205457030E-009
          13 -0.81296758104738154      -0.22820142912246247      -0.14035087872717997       -9.9226836791352449E-009
          14 -0.81396508728179551      -0.22848143087598644      -0.14035087872046476       -1.0291435049794740E-008
          15 -0.81496259351620948      -0.22876143262951121      -0.14035087871349913       -1.0676763800225229E-008
          16 -0.81596009975062345      -0.22904143438303595      -0.14035087870627111       -1.1079546614294933E-008
          17 -0.81695760598503742      -0.22932143613656075      -0.14035087869876930       -1.1500713804921152E-008
          18 -0.81795511221945139      -0.22960143789008533      -0.14035087869098203       -1.1941251648910060E-008
          19 -0.81895261845386536      -0.22988143964360902      -0.14035087868289353       -1.2402208133127782E-008
          20 -0.81995012468827932      -0.23016144139713376      -0.14035087867449311       -1.2884695107172681E-008
          21 -0.82094763092269329      -0.23044144315065815      -0.14035087866576346       -1.3389896056028421E-008
          22 -0.82194513715710726      -0.23072144490418317      -0.14035087865669013       -1.3919068883066565E-008
          23 -0.82294264339152123      -0.23100144665770700      -0.14035087864725712       -1.4473552143602451E-008
          24 -0.82394014962593520      -0.23128144841123147      -0.14035087863744622       -1.5054769188433885E-008
          25 -0.82493765586034917      -0.23156145016475507      -0.14035087862724008       -1.5664234869734931E-008
          26 -0.82593516209476314      -0.23184145191828043      -0.14035087861661907       -1.6303566953849647E-008
          27 -0.82693266832917711      -0.23212145367180312      -0.14035087860556245       -1.6974485668918931E-008
          28 -0.82793017456359108      -0.23240145542532936      -0.14035087859404832       -1.7678828023536842E-008
          29 -0.82892768079800505      -0.23268145717885261      -0.14035087858205469       -1.8418553511059540E-008
          30 -0.82992518703241902      -0.23296145893237782      -0.14035087856955744       -1.9195753388397316E-008
          31 -0.83092269326683299      -0.23324146068590235      -0.14035087855653045       -2.0012660560237077E-008
          32 -0.83192019950124696      -0.23352146243942609      -0.14035087854294562       -2.0871664809295481E-008
          33 -0.83291770573566093      -0.23380146419295009      -0.14035087852877512       -2.1775319640309369E-008
          34 -0.83391521197007490      -0.23408146594647469      -0.14035087851398881       -2.2726354377532277E-008
          35 -0.83491271820448887      -0.23436146769999897      -0.14035087849855316       -2.3727695627404548E-008
          36 -0.83591022443890273      -0.23464146945352327      -0.14035087848243455       -2.4782475208819174E-008
          37 -0.83690773067331670      -0.23492147120704684      -0.14035087846559613       -2.5894051821478830E-008
          38 -0.83790523690773067      -0.23520147296057234      -0.14035087844799810       -2.7066024598454714E-008
          39 -0.83890274314214464      -0.23548147471409664      -0.14035087842960098       -2.8302259987257376E-008
          40 -0.83990024937655861      -0.23576147646761991      -0.14035087841035815       -2.9606906274749359E-008
          41 -0.84089775561097257      -0.23604147822114521      -0.14035087839022523       -3.0984422339897914E-008
          42 -0.84189526184538654      -0.23632147997466851      -0.14035087836914986       -3.2439602280883077E-008
          43 -0.84289276807980051      -0.23660148172819304      -0.14035087834708038       -3.3977602710199619E-008
          44 -0.84389027431421448      -0.23688148348171748      -0.14035087832395943       -3.5603979547697415E-008
          45 -0.84488778054862845      -0.23716148523524044      -0.14035087829972587       -3.7324710813624848E-008
          46 -0.84588528678304242      -0.23744148698876558      -0.14035087827431469       -3.9146251101114991E-008
          47 -0.84688279301745639      -0.23772148874228841      -0.14035087824765743       -4.1075556725034429E-008
          48 -0.84788029925187036      -0.23800149049581393      -0.14035087821967940       -4.3120142017663043E-008
          49 -0.84887780548628433      -0.23828149224933776      -0.14035087819030204       -4.5288126216647895E-008
          50 -0.84987531172069830      -0.23856149400286170      -0.14035087815943934       -4.7588285054835626E-008
          51 -0.85087281795511227      -0.23884149575638597      -0.14035087812700001       -5.0030120183332827E-008
          52 -0.85187032418952624      -0.23912149750990905      -0.14035087809288832       -5.2623919282125915E-008
          53 -0.85286783042394021      -0.23940149926343393      -0.14035087805699742       -5.5380833192984070E-008
          54 -0.85386533665835418      -0.23968150101695779      -0.14035087801921692       -5.8312955914136747E-008
          55 -0.85486284289276815      -0.23996150277048062      -0.14035087797942458       -6.1433420886976592E-008
          56 -0.85586034912718212      -0.24024150452400525      -0.14035087793749010       -6.4756496431612124E-008
          57 -0.85685785536159609      -0.24052150627752994      -0.14035087789327591       -6.8297700166217951E-008
          58 -0.85785536159601006      -0.24080150803105380      -0.14035087784662822       -7.2073923291419395E-008
          59 -0.85885286783042392      -0.24108150978457751      -0.14035087779738784       -7.6103568066869584E-008
          60 -0.85985037406483789      -0.24136151153809954      -0.14035087774537769       -8.0406706228065850E-008
          61 -0.86084788029925186      -0.24164151329162367      -0.14035087769040924       -8.5005238291139904E-008
          62 -0.86184538653366582      -0.24192151504514769      -0.14035087763227830       -8.9923105125384501E-008
          63 -0.86284289276807979      -0.24220151679867169      -0.14035087757076467       -9.5186479162913784E-008
          64 -0.86384039900249376      -0.24248151855219444      -0.14035087750562789       -1.0082401796976568E-007
          65 -0.86483790523690773      -0.24276152030571699      -0.14035087743660921       -1.0686713288674578E-007
          66 -0.86583541147132170      -0.24304152205924123      -0.14035087736342827       -1.1335027668416267E-007
          67 -0.86683291770573567      -0.24332152381276376      -0.14035087728577911       -1.2031129599330811E-007
