 a=[
           0 -0.80000000000000004      -0.22456140632662769     
           1 -0.80099750623441401      -0.22484140808015263     
           2 -0.80199501246882798      -0.22512140983367609     
           3 -0.80299251870324195      -0.22540141158720076     
           4 -0.80399002493765592      -0.22568141334072456     
           5 -0.80498753117206989      -0.22596141509424825     
           6 -0.80598503740648386      -0.22624141684777210     
           7 -0.80698254364089783      -0.22652141860129688     
           8 -0.80798004987531180      -0.22680142035482057     
           9 -0.80897755610972577      -0.22708142210834606     
          10 -0.80997506234413974      -0.22736142386186978     
          11 -0.81097256857855371      -0.22764142561539336     
          12 -0.81197007481296757      -0.22792142736891741     
          13 -0.81296758104738154      -0.22820142912244171     
          14 -0.81396508728179551      -0.22848143087596681     
          15 -0.81496259351620948      -0.22876143262949025     
          16 -0.81596009975062345      -0.22904143438301386     
          17 -0.81695760598503742      -0.22932143613653869     
          18 -0.81795511221945139      -0.22960143789006296     
          19 -0.81895261845386536      -0.22988143964358684     
          20 -0.81995012468827932      -0.23016144139711084     
          21 -0.82094763092269329      -0.23044144315063486     
          22 -0.82194513715710726      -0.23072144490415886     
          23 -0.82294264339152123      -0.23100144665768318     
          24 -0.82394014962593520      -0.23128144841120718     
          25 -0.82493765586034917      -0.23156145016473106     
          26 -0.82593516209476314      -0.23184145191825514     
          27 -0.82693266832917711      -0.23212145367177975     
          28 -0.82793017456359108      -0.23240145542530399     
          29 -0.82892768079800505      -0.23268145717882754     
          30 -0.82992518703241902      -0.23296145893235115     
          31 -0.83092269326683299      -0.23324146068587606     
          32 -0.83192019950124696      -0.23352146243939967     
          33 -0.83291770573566093      -0.23380146419292283     
          34 -0.83391521197007490      -0.23408146594644724     
          35 -0.83491271820448887      -0.23436146769997093     
          36 -0.83591022443890273      -0.23464146945349537     
          37 -0.83690773067331670      -0.23492147120702001     
          38 -0.83790523690773067      -0.23520147296054375     
          39 -0.83890274314214464      -0.23548147471406705     
          40 -0.83990024937655861      -0.23576147646759088     
          41 -0.84089775561097257      -0.23604147822111493     
          42 -0.84189526184538654      -0.23632147997463862     
          43 -0.84289276807980051      -0.23660148172816231     
          44 -0.84389027431421448      -0.23688148348168619     
          45 -0.84488778054862845      -0.23716148523521005     
          46 -0.84588528678304242      -0.23744148698873355     
          47 -0.84688279301745639      -0.23772148874225679     
          48 -0.84788029925187036      -0.23800149049578054     
          49 -0.84887780548628433      -0.23828149224930503     
          50 -0.84987531172069830      -0.23856149400282756     
          51 -0.85087281795511227      -0.23884149575635186     
          52 -0.85187032418952624      -0.23912149750987585     
          53 -0.85286783042394021      -0.23940149926339863     
          54 -0.85386533665835418      -0.23968150101692332     
          55 -0.85486284289276815      -0.23996150277044687     
          56 -0.85586034912718212      -0.24024150452396931     
          57 -0.85685785536159609      -0.24052150627749283     
          58 -0.85785536159601006      -0.24080150803101655     
          59 -0.85885286783042392      -0.24108150978454029     
          60 -0.85985037406483789      -0.24136151153806379     
          61 -0.86084788029925186      -0.24164151329158612     
          62 -0.86184538653366582      -0.24192151504511009     
          63 -0.86284289276807979      -0.24220151679863283     
          64 -0.86384039900249376      -0.24248151855215647     
          65 -0.86483790523690773      -0.24276152030567938     
          66 -0.86583541147132170      -0.24304152205920262     
          67 -0.86683291770573567      -0.24332152381272559     
          68 -0.86783042394014964      -0.24360152556624853     
          69 -0.86882793017456361      -0.24388152731977120     
          70 -0.86982543640897758      -0.24416152907329403     
          71 -0.87082294264339155      -0.24444153082681727     
          72 -0.87182044887780552      -0.24472153258033938     
          73 -0.87281795511221949      -0.24500153433386263     
          74 -0.87381546134663346      -0.24528153608738448     
          75 -0.87481296758104743      -0.24556153784090720     
          76 -0.87581047381546140      -0.24584153959442998     
          77 -0.87680798004987537      -0.24612154134795233     
          78 -0.87780548628428934      -0.24640154310147505     
          79 -0.87880299251870331      -0.24668154485499691     
          80 -0.87980049875311717      -0.24696154660851902     
          81 -0.88079800498753125      -0.24724154836203996     
          82 -0.88179551122194511      -0.24752155011556212     
          83 -0.88279301745635907      -0.24780155186908434     
          84 -0.88379052369077304      -0.24808155362260537     
          85 -0.88478802992518701      -0.24836155537612725     
          86 -0.88578553615960098      -0.24864155712964758     
          87 -0.88678304239401495      -0.24892155888316908     
          88 -0.88778054862842892      -0.24920156063669016     
          89 -0.88877805486284289      -0.24948156239021174     
          90 -0.88977556109725686      -0.24976156414373185     
          91 -0.89077306733167083      -0.25004156589725224     
          92 -0.89177057356608480      -0.25032156765077157     
          93 -0.89276807980049877      -0.25060156940429135     
          94 -0.89376558603491274      -0.25088157115781212     
          95 -0.89476309226932671      -0.25116157291133046     
          96 -0.89576059850374068      -0.25144157466485029     
          97 -0.89675810473815465      -0.25172157641836956     
          98 -0.89775561097256862      -0.25200157817188690     
          99 -0.89875311720698259      -0.25228157992540484     
         100 -0.89975062344139656      -0.25256158167892229     
         101 -0.90074812967581053      -0.25284158343243962     
         102 -0.90174563591022450      -0.25312158518595612     
         103 -0.90274314214463847      -0.25340158693947262     
         104 -0.90374064837905244      -0.25368158869298768     
         105 -0.90473815461346629      -0.25396159044650263     
         106 -0.90573566084788038      -0.25424159220001696     
         107 -0.90673316708229423      -0.25452159395353063     
         108 -0.90773067331670820      -0.25480159570704347     
         109 -0.90872817955112217      -0.25508159746055542     
         110 -0.90972568578553614      -0.25536159921406548     
         111 -0.91072319201995011      -0.25564160096757449     
         112 -0.91172069825436408      -0.25592160272108377     
         113 -0.91271820448877805      -0.25620160447459056     
         114 -0.91371571072319202      -0.25648160622809485     
         115 -0.91471321695760599      -0.25676160798159819     
         116 -0.91571072319201996      -0.25704160973509932     
         117 -0.91670822942643393      -0.25732161148859845     
         118 -0.91770573566084790      -0.25760161324209441     
         119 -0.91870324189526187      -0.25788161499558721     
         120 -0.91970074812967584      -0.25816161674907728     
         121 -0.92069825436408981      -0.25844161850256125     
         122 -0.92169576059850378      -0.25872162025604051     
