 a=[
           0 -0.80000000000000004      -0.22456140632664506     
           1 -0.80099750623441401      -0.22484140808016947     
           2 -0.80199501246882798      -0.22512140983369391     
           3 -0.80299251870324195      -0.22540141158721849     
           4 -0.80399002493765592      -0.22568141334074257     
           5 -0.80498753117206989      -0.22596141509426740     
           6 -0.80598503740648386      -0.22624141684779284     
           7 -0.80698254364089783      -0.22652141860131644     
           8 -0.80798004987531180      -0.22680142035484135     
           9 -0.80897755610972577      -0.22708142210836574     
          10 -0.80997506234413974      -0.22736142386188907     
          11 -0.81097256857855371      -0.22764142561541265     
          12 -0.81197007481296757      -0.22792142736893858     
          13 -0.81296758104738154      -0.22820142912246247     
          14 -0.81396508728179551      -0.22848143087598644     
          15 -0.81496259351620948      -0.22876143262951121     
          16 -0.81596009975062345      -0.22904143438303595     
          17 -0.81695760598503742      -0.22932143613656075     
          18 -0.81795511221945139      -0.22960143789008533     
          19 -0.81895261845386536      -0.22988143964360902     
          20 -0.81995012468827932      -0.23016144139713376     
          21 -0.82094763092269329      -0.23044144315065815     
          22 -0.82194513715710726      -0.23072144490418317     
          23 -0.82294264339152123      -0.23100144665770700     
          24 -0.82394014962593520      -0.23128144841123147     
          25 -0.82493765586034917      -0.23156145016475507     
          26 -0.82593516209476314      -0.23184145191828043     
          27 -0.82693266832917711      -0.23212145367180312     
          28 -0.82793017456359108      -0.23240145542532936     
          29 -0.82892768079800505      -0.23268145717885261     
          30 -0.82992518703241902      -0.23296145893237782     
          31 -0.83092269326683299      -0.23324146068590235     
          32 -0.83192019950124696      -0.23352146243942609     
          33 -0.83291770573566093      -0.23380146419295009     
          34 -0.83391521197007490      -0.23408146594647469     
          35 -0.83491271820448887      -0.23436146769999897     
          36 -0.83591022443890273      -0.23464146945352327     
          37 -0.83690773067331670      -0.23492147120704684     
          38 -0.83790523690773067      -0.23520147296057234     
          39 -0.83890274314214464      -0.23548147471409664     
          40 -0.83990024937655861      -0.23576147646761991     
          41 -0.84089775561097257      -0.23604147822114521     
          42 -0.84189526184538654      -0.23632147997466851     
          43 -0.84289276807980051      -0.23660148172819304     
          44 -0.84389027431421448      -0.23688148348171748     
          45 -0.84488778054862845      -0.23716148523524044     
          46 -0.84588528678304242      -0.23744148698876558     
          47 -0.84688279301745639      -0.23772148874228841     
          48 -0.84788029925187036      -0.23800149049581393     
          49 -0.84887780548628433      -0.23828149224933776     
          50 -0.84987531172069830      -0.23856149400286170     
          51 -0.85087281795511227      -0.23884149575638597     
          52 -0.85187032418952624      -0.23912149750990905     
          53 -0.85286783042394021      -0.23940149926343393     
          54 -0.85386533665835418      -0.23968150101695779     
          55 -0.85486284289276815      -0.23996150277048062     
          56 -0.85586034912718212      -0.24024150452400525     
          57 -0.85685785536159609      -0.24052150627752994     
          58 -0.85785536159601006      -0.24080150803105380     
          59 -0.85885286783042392      -0.24108150978457751     
          60 -0.85985037406483789      -0.24136151153809954     
          61 -0.86084788029925186      -0.24164151329162367     
          62 -0.86184538653366582      -0.24192151504514769     
          63 -0.86284289276807979      -0.24220151679867169     
          64 -0.86384039900249376      -0.24248151855219444     
          65 -0.86483790523690773      -0.24276152030571699     
          66 -0.86583541147132170      -0.24304152205924123     
          67 -0.86683291770573567      -0.24332152381276376     
          68 -0.86783042394014964      -0.24360152556628675     
          69 -0.86882793017456361      -0.24388152731980928     
          70 -0.86982543640897758      -0.24416152907333222     
          71 -0.87082294264339155      -0.24444153082685535     
          72 -0.87182044887780552      -0.24472153258037882     
          73 -0.87281795511221949      -0.24500153433390004     
          74 -0.87381546134663346      -0.24528153608742198     
          75 -0.87481296758104743      -0.24556153784094487     
          76 -0.87581047381546140      -0.24584153959446503     
          77 -0.87680798004987537      -0.24612154134798706     
          78 -0.87780548628428934      -0.24640154310150797     
          79 -0.87880299251870331      -0.24668154485502999     
          80 -0.87980049875311717      -0.24696154660855088     
          81 -0.88079800498753125      -0.24724154836207135     
          82 -0.88179551122194511      -0.24752155011559096     
          83 -0.88279301745635907      -0.24780155186910971     
          84 -0.88379052369077304      -0.24808155362263076     
          85 -0.88478802992518701      -0.24836155537614818     
          86 -0.88578553615960098      -0.24864155712966587     
          87 -0.88678304239401495      -0.24892155888318371     
          88 -0.88778054862842892      -0.24920156063669999     
          89 -0.88877805486284289      -0.24948156239021554     
          90 -0.88977556109725686      -0.24976156414373155     
          91 -0.89077306733167083      -0.25004156589724491     
          92 -0.89177057356608480      -0.25032156765075775     
          93 -0.89276807980049877      -0.25060156940426870     
          94 -0.89376558603491274      -0.25088157115777998     
          95 -0.89476309226932671      -0.25116157291128882     
          96 -0.89576059850374068      -0.25144157466479472     
          97 -0.89675810473815465      -0.25172157641829940     
          98 -0.89775561097256862      -0.25200157817180074     
          99 -0.89875311720698259      -0.25228157992530054     
         100 -0.89975062344139656      -0.25256158167879711     
         101 -0.90074812967581053      -0.25284158343228919     
         102 -0.90174563591022450      -0.25312158518577871     
         103 -0.90274314214463847      -0.25340158693926185     
         104 -0.90374064837905244      -0.25368158869273988     
         105 -0.90473815461346629      -0.25396159044621264     
         106 -0.90573566084788038      -0.25424159219967557     
         107 -0.90673316708229423      -0.25452159395313179     
         108 -0.90773067331670820      -0.25480159570657696     
         109 -0.90872817955112217      -0.25508159746001097     
         110 -0.90972568578553614      -0.25536159921343027     
         111 -0.91072319201995011      -0.25564160096683108     
         112 -0.91172069825436408      -0.25592160272139103     
         113 -0.91271820448877805      -0.25620160447491325     
         114 -0.91371571072319202      -0.25648160622843952     
         115 -0.91471321695760599      -0.25676160798196412     
         116 -0.91571072319201996      -0.25704160973548867     
         117 -0.91670822942643393      -0.25732161148901261     
         118 -0.91770573566084790      -0.25760161324253666     
         119 -0.91870324189526187      -0.25788161499606094     
         120 -0.91970074812967584      -0.25816161674958582     
         121 -0.92069825436408981      -0.25844161850310998     
         122 -0.92169576059850378      -0.25872162025663492     
