 a=[
           0 -0.80000000000000004      -0.22456140632460048      -0.14035087888776387       -2.5407763949546061E-011
           1 -0.80099750623441401      -0.22484140807809047      -0.14035087888774150       -3.1267408262281591E-011
           2 -0.80199501246882798      -0.22512140983157966      -0.14035087888771486       -3.7313411495527079E-011
           3 -0.80299251870324195      -0.22540141158506818      -0.14035087888768541       -4.3555431627367337E-011
           4 -0.80399002493765592      -0.22568141333855549      -0.14035087888765160       -4.9990014355799509E-011
           5 -0.80498753117206989      -0.22596141509204218      -0.14035087888761322       -5.6643992542792197E-011
           6 -0.80598503740648386      -0.22624141684552759      -0.14035087888757114       -6.3513100764204123E-011
           7 -0.80698254364089783      -0.22652141859901234      -0.14035087888752504       -7.0610630569564042E-011
           8 -0.80798004987531180      -0.22680142035249570      -0.14035087888747319       -7.7951084348775075E-011
           9 -0.80897755610972577      -0.22708142210597854      -0.14035087888741785       -8.5543072456020341E-011
          10 -0.80997506234413974      -0.22736142385945901      -0.14035087888735809       -9.3398421524451374E-011
          11 -0.81097256857855371      -0.22764142561293971      -0.14035087888729197       -1.0151903127956228E-010
          12 -0.81197007481296757      -0.22792142736641899      -0.14035087888722172       -1.0992459183569239E-010
          13 -0.81296758104738154      -0.22820142911989666      -0.14035087888714592       -1.1862994463309297E-010
          14 -0.81396508728179551      -0.22848143087337333      -0.14035087888706460       -1.2764732076653599E-010
          15 -0.81496259351620948      -0.22876143262684825      -0.14035087888697781       -1.3698395902024627E-010
          16 -0.81596009975062345      -0.22904143438032201      -0.14035087888688427       -1.4666994290775783E-010
          17 -0.81695760598503742      -0.22932143613379480      -0.14035087888678477       -1.5670414313764033E-010
          18 -0.81795511221945139      -0.22960143788726603      -0.14035087888667888       -1.6711245622437303E-010
          19 -0.81895261845386536      -0.22988143964073490      -0.14035087888656625       -1.7791571261903524E-010
          20 -0.81995012468827932      -0.23016144139420336      -0.14035087888644696       -1.8912006221450490E-010
          21 -0.82094763092269329      -0.23044144314766946      -0.14035087888631881       -2.0076018686967503E-010
          22 -0.82194513715710726      -0.23072144490113430      -0.14035087888618555       -2.1284742121352755E-010
          23 -0.82294264339152123      -0.23100144665459674      -0.14035087888604270       -2.2540445540202318E-010
          24 -0.82394014962593520      -0.23128144840805812      -0.14035087888589229       -2.3845639773466178E-010
          25 -0.82493765586034917      -0.23156145016151738      -0.14035087888573350       -2.5202648590305372E-010
          26 -0.82593516209476314      -0.23184145191497482      -0.14035087888556480       -2.6614991651817844E-010
          27 -0.82693266832917711      -0.23212145366843012      -0.14035087888538847       -2.8084206093765152E-010
          28 -0.82793017456359108      -0.23240145542188317      -0.14035087888520001       -2.9613384932170722E-010
          29 -0.82892768079800505      -0.23268145717533392      -0.14035087888500478       -3.1205524689064627E-010
          30 -0.82992518703241902      -0.23296145892878217      -0.14035087888479694       -3.2864429107520420E-010
          31 -0.83092269326683299      -0.23324146068222845      -0.14035087888457753       -3.4594425521656310E-010
          32 -0.83192019950124696      -0.23352146243567196      -0.14035087888434719       -3.6397700997647161E-010
          33 -0.83291770573566093      -0.23380146418911346      -0.14035087888410461       -3.8278285207325735E-010
          34 -0.83391521197007490      -0.23408146594255180      -0.14035087888385078       -4.0241371480453491E-010
          35 -0.83491271820448887      -0.23436146769598776      -0.14035087888358214       -4.2290564626623617E-010
          36 -0.83591022443890273      -0.23464146944941980      -0.14035087888330003       -4.4431188153041916E-010
          37 -0.83690773067331670      -0.23492147120284998      -0.14035087888300302       -4.6668566629432320E-010
          38 -0.83790523690773067      -0.23520147295627580      -0.14035087888269107       -4.9006712435958194E-010
          39 -0.83890274314214464      -0.23548147470969949      -0.14035087888236386       -5.1453701610288012E-010
          40 -0.83990024937655861      -0.23576147646311954      -0.14035087888201986       -5.4013335186345150E-010
          41 -0.84089775561097257      -0.23604147821653526      -0.14035087888165676       -5.6693293473426137E-010
          42 -0.84189526184538654      -0.23632147996994651      -0.14035087888127629       -5.9500731566190096E-010
          43 -0.84289276807980051      -0.23660148172335510      -0.14035087888087625       -6.2443264182412625E-010
          44 -0.84389027431421448      -0.23688148347675844      -0.14035087888045539       -6.5528633642333509E-010
          45 -0.84488778054862845      -0.23716148523015906      -0.14035087888001482       -6.8765127050679151E-010
          46 -0.84588528678304242      -0.23744148698355358      -0.14035087887954920       -7.2162927396883861E-010
          47 -0.84688279301745639      -0.23772148873694332      -0.14035087887906164       -7.5731216219940278E-010
          48 -0.84788029925187036      -0.23800149049032857      -0.14035087887854741       -7.9480741533113387E-010
          49 -0.84887780548628433      -0.23828149224370820      -0.14035087887800846       -8.3423955943165776E-010
          50 -0.84987531172069830      -0.23856149399708274      -0.14035087887743994       -8.7571614226073478E-010
          51 -0.85087281795511227      -0.23884149575045077      -0.14035087887684161       -9.1939272075505438E-010
          52 -0.85187032418952624      -0.23912149750381292      -0.14035087887621261       -9.6538635275373284E-010
          53 -0.85286783042394021      -0.23940149925716861      -0.14035087887555103       -1.0138672390785225E-009
          54 -0.85386533665835418      -0.23968150101051808      -0.14035087887485290       -1.0649985719701771E-009
          55 -0.85486284289276815      -0.23996150276385941      -0.14035087887411843       -1.1189672249217221E-009
          56 -0.85586034912718212      -0.24024150451719464      -0.14035087887334374       -1.1759590217829546E-009
          57 -0.85685785536159609      -0.24052150627052016      -0.14035087887252859       -1.2361926063418453E-009
          58 -0.85785536159601006      -0.24080150802383793      -0.14035087887166733       -1.2998927152231034E-009
          59 -0.85885286783042392      -0.24108150977714699      -0.14035087887075937       -1.3673101128966816E-009
          60 -0.85985037406483789      -0.24136151153044685      -0.14035087886980085       -1.4387168510579876E-009
          61 -0.86084788029925186      -0.24164151328373701      -0.14035087886878822       -1.5144086958854969E-009
          62 -0.86184538653366582      -0.24192151503701595      -0.14035087886771902       -1.5947030399215793E-009
          63 -0.86284289276807979      -0.24220151679028445      -0.14035087886658795       -1.6799449022641619E-009
          64 -0.86384039900249376      -0.24248151854354000      -0.14035087886539147       -1.7705279190460485E-009
          65 -0.86483790523690773      -0.24276152029678424      -0.14035087886412556       -1.8668631959870181E-009
          66 -0.86583541147132170      -0.24304152205001597      -0.14035087886278477       -1.9694074187203911E-009
          67 -0.86683291770573567      -0.24332152380323169      -0.14035087886136299       -2.0786647313359233E-009
