 a=[
           0 -0.80000000000000004      -0.22456140632661517      -0.14035087895028536        7.9891585519372798E-012
           1 -0.80099750623441401      -0.22484140808013972      -0.14035087895028972        7.8854917732626792E-012
           2 -0.80199501246882798      -0.22512140983366286      -0.14035087895029549        7.7767166348096691E-012
           3 -0.80299251870324195      -0.22540141158718732      -0.14035087895030052        7.6659900381135452E-012
           4 -0.80399002493765592      -0.22568141334071090      -0.14035087895030243        7.5499980610005906E-012
           5 -0.80498753117206989      -0.22596141509423415      -0.14035087895030801        7.4301478839647599E-012
           6 -0.80598503740648386      -0.22624141684775781      -0.14035087895031270        7.3136828577972468E-012
           7 -0.80698254364089783      -0.22652141860128239      -0.14035087895031567        7.1932910343201078E-012
           8 -0.80798004987531180      -0.22680142035480561      -0.14035087895031986        7.0643897005909012E-012
           9 -0.80897755610972577      -0.22708142210833068      -0.14035087895032503        6.9394377308231012E-012
          10 -0.80997506234413974      -0.22736142386185412      -0.14035087895032805        6.8037539315406203E-012
          11 -0.81097256857855371      -0.22764142561537723      -0.14035087895033174        6.6616840260316540E-012
          12 -0.81197007481296757      -0.22792142736890100      -0.14035087895033521        6.5266339801884406E-012
          13 -0.81296758104738154      -0.22820142912242486      -0.14035087895033907        6.3792197164871250E-012
          14 -0.81396508728179551      -0.22848143087594966      -0.14035087895034251        6.2303090289005320E-012
          15 -0.81496259351620948      -0.22876143262947274      -0.14035087895034482        6.0774917478576874E-012
          16 -0.81596009975062345      -0.22904143438299601      -0.14035087895034906        5.9163301982912244E-012
          17 -0.81695760598503742      -0.22932143613652034      -0.14035087895035214        5.7465978103226972E-012
          18 -0.81795511221945139      -0.22960143789004395      -0.14035087895035661        5.5801300940089271E-012
          19 -0.81895261845386536      -0.22988143964356761      -0.14035087895035844        5.4094897273785248E-012
          20 -0.81995012468827932      -0.23016144139709099      -0.14035087895036114        5.2247764644066221E-012
          21 -0.82094763092269329      -0.23044144315061474      -0.14035087895036366        5.0430249639431431E-012
          22 -0.82194513715710726      -0.23072144490413804      -0.14035087895036680        4.8501049156358402E-012
          23 -0.82294264339152123      -0.23100144665766212      -0.14035087895036841        4.6501862889420677E-012
          24 -0.82394014962593520      -0.23128144841118534      -0.14035087895037168        4.4418207922002594E-012
          25 -0.82493765586034917      -0.23156145016470878      -0.14035087895037229        4.2286874202667065E-012
          26 -0.82593516209476314      -0.23184145191823216      -0.14035087895037598        4.0068501808656243E-012
          27 -0.82693266832917711      -0.23212145367175613      -0.14035087895037915        3.7780866082122097E-012
          28 -0.82793017456359108      -0.23240145542527990      -0.14035087895038059        3.5430220311560368E-012
          29 -0.82892768079800505      -0.23268145717880281      -0.14035087895038204        3.3006135149698103E-012
          30 -0.82992518703241902      -0.23296145893232567      -0.14035087895038384        3.0370605161683076E-012
          31 -0.83092269326683299      -0.23324146068584986      -0.14035087895038487        2.7770210456073995E-012
          32 -0.83192019950124696      -0.23352146243937308      -0.14035087895038484        2.5028107400969484E-012
          33 -0.83291770573566093      -0.23380146419289524      -0.14035087895038875        2.2175493905412483E-012
          34 -0.83391521197007490      -0.23408146594641885      -0.14035087895038867        1.9204606607509545E-012
          35 -0.83491271820448887      -0.23436146769994196      -0.14035087895038878        1.6125643758534624E-012
          36 -0.83591022443890273      -0.23464146945346559      -0.14035087895038811        1.2909929176643038E-012
          37 -0.83690773067331670      -0.23492147120698911      -0.14035087895039014        9.5572931587838052E-013
          38 -0.83790523690773067      -0.23520147296051216      -0.14035087895039020        6.0917397038865286E-013
          39 -0.83890274314214464      -0.23548147471403455      -0.14035087895038867        2.4982370010450663E-013
          40 -0.83990024937655861      -0.23576147646755724      -0.14035087895038892       -1.2500767023089498E-013
          41 -0.84089775561097257      -0.23604147822108071      -0.14035087895038773       -5.1839710130086817E-013
          42 -0.84189526184538654      -0.23632147997460318      -0.14035087895038867       -9.2863771753164299E-013
          43 -0.84289276807980051      -0.23660148172812587      -0.14035087895038617       -1.3545831733315257E-012
          44 -0.84389027431421448      -0.23688148348164881      -0.14035087895038514       -1.8036828676676678E-012
          45 -0.84488778054862845      -0.23716148523517153      -0.14035087895038470       -2.2669835911368237E-012
          46 -0.84588528678304242      -0.23744148698869386      -0.14035087895038162       -2.7545540667346527E-012
          47 -0.84688279301745639      -0.23772148874221594      -0.14035087895037929       -3.2619188213955496E-012
          48 -0.84788029925187036      -0.23800149049573810      -0.14035087895037632       -3.8009754476091718E-012
          49 -0.84887780548628433      -0.23828149224926151      -0.14035087895037407       -4.3537849327412179E-012
          50 -0.84987531172069830      -0.23856149400278268      -0.14035087895036977       -4.9325382510010882E-012
          51 -0.85087281795511227      -0.23884149575630559      -0.14035087895036766       -5.5509982359671934E-012
          52 -0.85187032418952624      -0.23912149750982795      -0.14035087895036191       -6.1966739028305453E-012
          53 -0.85286783042394021      -0.23940149926334903      -0.14035087895035800       -6.8740325846701261E-012
          54 -0.85386533665835418      -0.23968150101687211      -0.14035087895035309       -7.5734486346487216E-012
          55 -0.85486284289276815      -0.23996150277039405      -0.14035087895034795       -8.3191795432460604E-012
          56 -0.85586034912718212      -0.24024150452391488      -0.14035087895034107       -9.1023937654833090E-012
          57 -0.85685785536159609      -0.24052150627743626      -0.14035087895033374       -9.9249045430965886E-012
          58 -0.85785536159601006      -0.24080150803095815      -0.14035087895032658       -1.0784900611324677E-011
          59 -0.85885286783042392      -0.24108150978447968      -0.14035087895032017       -1.1701449057892896E-011
          60 -0.85985037406483789      -0.24136151153800109      -0.14035087895031204       -1.2659616102406223E-011
          61 -0.86084788029925186      -0.24164151329152131      -0.14035087895030357       -1.3668969849365631E-011
          62 -0.86184538653366582      -0.24192151504504295      -0.14035087895029344       -1.4735733063587575E-011
          63 -0.86284289276807979      -0.24220151679856314      -0.14035087895028303       -1.5858306563808298E-011
          64 -0.86384039900249376      -0.24248151855208452      -0.14035087895027054       -1.7046771532878112E-011
          65 -0.86483790523690773      -0.24276152030560438      -0.14035087895025883       -1.8301513621509771E-011
          66 -0.86583541147132170      -0.24304152205912505      -0.14035087895024706       -1.9640240046689362E-011
          67 -0.86683291770573567      -0.24332152381264510      -0.14035087895023268       -2.1049522327541877E-011
