 a=[
           0 -0.80000000000000004      -0.22456140632657051      -0.14035087642143648       -1.0112984830102324E-007
           1 -0.80099750623441401      -0.22484140808009184      -0.14035087635310933       -1.0455649616284290E-007
           2 -0.80199501246882798      -0.22512140983361384      -0.14035087628245771       -1.0812353333254413E-007
           3 -0.80299251870324195      -0.22540141158713500      -0.14035087620938666       -1.1183771885347064E-007
           4 -0.80399002493765592      -0.22568141334065703      -0.14035087613379529       -1.1570618721191133E-007
           5 -0.80498753117206989      -0.22596141509417828      -0.14035087605557972       -1.1973646819844940E-007
           6 -0.80598503740648386      -0.22624141684769999      -0.14035087597462836       -1.2393651733133454E-007
           7 -0.80698254364089783      -0.22652141860122102      -0.14035087589082687       -1.2831473960110448E-007
           8 -0.80798004987531180      -0.22680142035474174      -0.14035087580405237       -1.3288001928200397E-007
           9 -0.80897755610972577      -0.22708142210826301      -0.14035087571417876       -1.3764174979365229E-007
          10 -0.80997506234413974      -0.22736142386178348      -0.14035087562107176       -1.4260986819887992E-007
          11 -0.81097256857855371      -0.22764142561530415      -0.14035087552458980       -1.4779489084430090E-007
          12 -0.81197007481296757      -0.22792142736882387      -0.14035087542458702       -1.5320795130361233E-007
          13 -0.81296758104738154      -0.22820142912234387      -0.14035087532090562       -1.5886083788736397E-007
          14 -0.81396508728179551      -0.22848143087586384      -0.14035087521338355       -1.6476604618581808E-007
          15 -0.81496259351620948      -0.22876143262938423      -0.14035087510184774       -1.7093681603233719E-007
          16 -0.81596009975062345      -0.22904143438290347      -0.14035087498611737       -1.7738719201316086E-007
          17 -0.81695760598503742      -0.22932143613642228      -0.14035087486600173       -1.8413207155776518E-007
          18 -0.81795511221945139      -0.22960143788994139      -0.14035087474129981       -1.9118726687208949E-007
          19 -0.81895261845386536      -0.22988143964346114      -0.14035087461179963       -1.9856956855736068E-007
          20 -0.81995012468827932      -0.23016144139697883      -0.14035087447727776       -2.0629681237309701E-007
          21 -0.82094763092269329      -0.23044144315049758      -0.14035087433749799       -2.1438795662032108E-007
          22 -0.82194513715710726      -0.23072144490401536      -0.14035087419221340       -2.2286315764963980E-007
          23 -0.82294264339152123      -0.23100144665753283      -0.14035087404115959       -2.3174386138267152E-007
          24 -0.82394014962593520      -0.23128144841105028      -0.14035087388406070       -2.4105288896283765E-007
          25 -0.82493765586034917      -0.23156145016456695      -0.14035087372062352       -2.5081454699312552E-007
          26 -0.82593516209476314      -0.23184145191808417      -0.14035087355053799       -2.6105472779058166E-007
          27 -0.82693266832917711      -0.23212145367159978      -0.14035087337347801       -2.7180103065759023E-007
          28 -0.82793017456359108      -0.23240145542511539      -0.14035087318909611       -2.8308289066942037E-007
          29 -0.82892768079800505      -0.23268145717863131      -0.14035087299702656       -2.9493171866936392E-007
          30 -0.82992518703241902      -0.23296145893214618      -0.14035087279688074       -3.0738104293607957E-007
          31 -0.83092269326683299      -0.23324146068565954      -0.14035087258824769       -3.2046668216255980E-007
          32 -0.83192019950124696      -0.23352146243917402      -0.14035087237069227       -3.3422691854677558E-007
          33 -0.83291770573566093      -0.23380146419268716      -0.14035087214375183       -3.4870268555898006E-007
          34 -0.83391521197007490      -0.23408146594619997      -0.14035087190693621       -3.6393778531715976E-007
          35 -0.83491271820448887      -0.23436146769971228      -0.14035087165972462       -3.7997910746441496E-007
          36 -0.83591022443890273      -0.23464146945322351      -0.14035087140156569       -3.9687688528298700E-007
          37 -0.83690773067331670      -0.23492147120673343      -0.14035087113187031       -4.1468495703949814E-007
          38 -0.83790523690773067      -0.23520147296024405      -0.14035087085001491       -4.3346106915876402E-007
          39 -0.83890274314214464      -0.23548147471375327      -0.14035087055533588       -4.5326719063736159E-007
          40 -0.83990024937655861      -0.23576147646726126      -0.14035087024712578       -4.7416986800982041E-007
          41 -0.84089775561097257      -0.23604147822076824      -0.14035086992463178       -4.9624060732012587E-007
          42 -0.84189526184538654      -0.23632147997427416      -0.14035086958705190       -5.1955629381896262E-007
          43 -0.84289276807980051      -0.23660148172777981      -0.14035086923353063       -5.4419965475002039E-007
          44 -0.84389027431421448      -0.23688148348128410      -0.14035086886315623       -5.7025975900643692E-007
          45 -0.84488778054862845      -0.23716148523478717      -0.14035086847495409       -5.9783257294363463E-007
          46 -0.84588528678304242      -0.23744148698828826      -0.14035086806788521       -6.2702156472612309E-007
          47 -0.84688279301745639      -0.23772148874178911      -0.14035086764083735       -6.5793837256203818E-007
          48 -0.84788029925187036      -0.23800149049528788      -0.14035086719262130       -6.9070353798375055E-007
          49 -0.84887780548628433      -0.23828149224878464      -0.14035086672196512       -7.2544730907334507E-007
          50 -0.84987531172069830      -0.23856149400228074      -0.14035086622750775       -7.6231053352027154E-007
          51 -0.85087281795511227      -0.23884149575577421      -0.14035086570778818       -8.0144563780383355E-007
          52 -0.85187032418952624      -0.23912149750926598      -0.14035086516124098       -8.4301770687361176E-007
          53 -0.85286783042394021      -0.23940149926275520      -0.14035086458618681       -8.8720568262636723E-007
          54 -0.85386533665835418      -0.23968150101624278      -0.14035086398082233       -9.3420368516022170E-007
          55 -0.85486284289276815      -0.23996150276972891      -0.14035086334320893       -9.8422247470419401E-007
          56 -0.85586034912718212      -0.24024150452321102      -0.14035086267126168       -1.0374910794901383E-006
          57 -0.85685785536159609      -0.24052150627669031      -0.14035086196273783       -1.0942585898680240E-006
          58 -0.85785536159601006      -0.24080150803016695      -0.14035086121522050       -1.1547961631586411E-006
          59 -0.85885286783042392      -0.24108150978364090      -0.14035086042610456       -1.2193992440833056E-006
          60 -0.85985037406483789      -0.24136151153711122      -0.14035085959258140       -1.2883900433091073E-006
          61 -0.86084788029925186      -0.24164151329057867      -0.14035085871161593       -1.3621202955226726E-006
          62 -0.86184538653366582      -0.24192151504403947      -0.14035085777992917       -1.4409743354691123E-006
          63 -0.86284289276807979      -0.24220151679749685      -0.14035085679397477       -1.5253725450095775E-006
          64 -0.86384039900249376      -0.24248151855095060      -0.14035085574991413       -1.6157751958075133E-006
          65 -0.86483790523690773      -0.24276152030439857      -0.14035085464358749       -1.7126867606086313E-006
          66 -0.86583541147132170      -0.24304152205784141      -0.14035085347048271       -1.8166607488055004E-006
          67 -0.86683291770573567      -0.24332152381127742      -0.14035085222570318       -1.9283051340734382E-006
