 a=[
           0 -0.80000000000000004      -0.63999999992258416      -0.39999999554825366        2.1784480807793272E-009
           1 -0.80099750623441401      -0.64079800490926953      -0.39999999555078775        1.9067043569021003E-009
           2 -0.80199501246882798      -0.64159600989593601      -0.39999999555312171        1.6281494624736936E-009
           3 -0.80299251870324195      -0.64239401488258729      -0.39999999555524168        1.3423258216765932E-009
           4 -0.80399002493765592      -0.64319201986922880      -0.39999999555714705        1.0491182089733542E-009
           5 -0.80498753117206989      -0.64399002485585521      -0.39999999555882582        7.4821392484492044E-010
           6 -0.80598503740648386      -0.64478802984245565      -0.39999999556028309        4.3924591915101008E-010
           7 -0.80698254364089783      -0.64558603482904731      -0.39999999556150634        1.2193331067056334E-010
           8 -0.80798004987531180      -0.64638403981562642      -0.39999999556248561       -2.0409825045308860E-010
           9 -0.80897755610972577      -0.64718204480217956      -0.39999999556321936       -5.3912942339640058E-010
          10 -0.80997506234413974      -0.64798004978872026      -0.39999999556370447       -8.8359851033170678E-010
          11 -0.81097256857855371      -0.64877805477524542      -0.39999999556392957       -1.2377521542428216E-009
          12 -0.81197007481296757      -0.64957605976175314      -0.39999999556388605       -1.6020992015669533E-009
          13 -0.81296758104738154      -0.65037406474823078      -0.39999999556356436       -1.9770563710469480E-009
          14 -0.81396508728179551      -0.65117206973470720      -0.39999999556296539       -2.3630453375306226E-009
          15 -0.81496259351620948      -0.65197007472115165      -0.39999999556207411       -2.7604597201830172E-009
          16 -0.81596009975062345      -0.65276807970758599      -0.39999999556088500       -3.1699483940550444E-009
          17 -0.81695760598503742      -0.65356608469398980      -0.39999999555938648       -3.5917961157400091E-009
          18 -0.81795511221945139      -0.65436408968037663      -0.39999999555756499       -4.0266639380476255E-009
          19 -0.81895261845386536      -0.65516209466674613      -0.39999999555542165       -4.4751486266703111E-009
          20 -0.81995012468827932      -0.65596009965309188      -0.39999999555294746       -4.9377230377373182E-009
          21 -0.82094763092269329      -0.65675810463941031      -0.39999999555011773       -5.4150636266681040E-009
          22 -0.82194513715710726      -0.65755610962571331      -0.39999999554692850       -5.9078039162108187E-009
          23 -0.82294264339152123      -0.65835411461198678      -0.39999999554337096       -6.4167138755233388E-009
          24 -0.82394014962593520      -0.65915211959823827      -0.39999999553943028       -6.9424099021636598E-009
          25 -0.82493765586034917      -0.65995012458445845      -0.39999999553510052       -7.4857227742863852E-009
          26 -0.82593516209476314      -0.66074812957066209      -0.39999999553036053       -8.0473256773572199E-009
          27 -0.82693266832917711      -0.66154613455682831      -0.39999999552519361       -8.6283162663292057E-009
          28 -0.82793017456359108      -0.66234413954298144      -0.39999999551959298       -9.2293243325602958E-009
          29 -0.82892768079800505      -0.66314214452909526      -0.39999999551354565       -9.8514736750210385E-009
          30 -0.82992518703241902      -0.66394014951518032      -0.39999999550703230       -1.0495640058449940E-008
          31 -0.83092269326683299      -0.66473815450124718      -0.39999999550002985       -1.1163012569870290E-008
          32 -0.83192019950124696      -0.66553615948727041      -0.39999999549253351       -1.1854589674481497E-008
          33 -0.83291770573566093      -0.66633416447326677      -0.39999999548451398       -1.2571620810336581E-008
          34 -0.83391521197007490      -0.66713216945923548      -0.39999999547596099       -1.3315341620967480E-008
          35 -0.83491271820448887      -0.66793017444516922      -0.39999999546685383       -1.4087071467661083E-008
          36 -0.83591022443890273      -0.66872817943106810      -0.39999999545716236       -1.4888224618425649E-008
          37 -0.83690773067331670      -0.66952618441692757      -0.39999999544687809       -1.5720410931341355E-008
          38 -0.83790523690773067      -0.67032418940275817      -0.39999999543596970       -1.6584912821554498E-008
          39 -0.83890274314214464      -0.67112219438854603      -0.39999999542440934       -1.7483676058999142E-008
          40 -0.83990024937655861      -0.67192019937429459      -0.39999999541218900       -1.8418596661740061E-008
          41 -0.84089775561097257      -0.67271820436000718      -0.39999999539926084       -1.9391295902337902E-008
          42 -0.84189526184538654      -0.67351620934567591      -0.39999999538560732       -2.0404104583010563E-008
          43 -0.84289276807980051      -0.67431421433130778      -0.39999999537120007       -2.1458927957490603E-008
          44 -0.84389027431421448      -0.67511221931689203      -0.39999999535599845       -2.2558303985203976E-008
          45 -0.84488778054862845      -0.67591022430243508      -0.39999999533998559       -2.3704712380501203E-008
          46 -0.84588528678304242      -0.67670822928792618      -0.39999999532311542       -2.4900525606719182E-008
          47 -0.84688279301745639      -0.67750623427337686      -0.39999999530535069       -2.6148920917457019E-008
          48 -0.84788029925187036      -0.67830423925877037      -0.39999999528665631       -2.7452806514172146E-008
          49 -0.84887780548628433      -0.67910224424411636      -0.39999999526698471       -2.8815399573389744E-008
          50 -0.84987531172069830      -0.67990024922940639      -0.39999999524630697       -3.0240203861831016E-008
          51 -0.85087281795511227      -0.68069825421464392      -0.39999999522456181       -3.1730805337415458E-008
          52 -0.85187032418952624      -0.68149625919982615      -0.39999999520170626       -3.3291547220370976E-008
          53 -0.85286783042394021      -0.68229426418494588      -0.39999999517769202       -3.4926455977357662E-008
          54 -0.85386533665835418      -0.68309226917000976      -0.39999999515246237       -3.6640370654206222E-008
          55 -0.85486284289276815      -0.68389027415500847      -0.39999999512595735       -3.8438101250537482E-008
          56 -0.85586034912718212      -0.68468827913994212      -0.39999999509811351       -4.0325010525199545E-008
          57 -0.85685785536159609      -0.68548628412480650      -0.39999999506886663       -4.2307045436396074E-008
          58 -0.85785536159601006      -0.68628428910959771      -0.39999999503814748       -4.4390453299292254E-008
          59 -0.85885286783042392      -0.68708229409432120      -0.39999999500588285       -4.6581786011801185E-008
          60 -0.85985037406483789      -0.68788029907896742      -0.39999999497198624       -4.8888458073492735E-008
          61 -0.86084788029925186      -0.68867830406353758      -0.39999999493637967       -5.1318263714905665E-008
          62 -0.86184538653366582      -0.68947630904802293      -0.39999999489897126       -5.3879546324520078E-008
          63 -0.86284289276807979      -0.69027431403242756      -0.39999999485965848       -5.6581839172342718E-008
          64 -0.86384039900249376      -0.69107231901674193      -0.39999999481835380       -5.9434619406606437E-008
          65 -0.86483790523690773      -0.69187032400096815      -0.39999999477492471       -6.2448896068212356E-008
          66 -0.86583541147132170      -0.69266832898509156      -0.39999999472926712       -6.5636375654043455E-008
          67 -0.86683291770573567      -0.69346633396912349      -0.39999999468124131       -6.9009635367267563E-008
